2 0.000441 0.000000 0.999559
2 0.000550 0.000000 0.999450
2 0.000432 0.000000 0.999568
2 0.000351 0.000000 0.999649
2 0.000394 0.000000 0.999606
2 0.000412 0.000000 0.999588
2 0.000414 0.000000 0.999586
2 0.000849 0.000000 0.999151
2 0.000377 0.000000 0.999623
2 0.000362 0.000000 0.999638
2 0.000569 0.000000 0.999431
2 0.000338 0.000000 0.999662
2 0.001233 0.000000 0.998767
2 0.000324 0.000000 0.999676
2 0.000379 0.000000 0.999621
2 0.000352 0.000000 0.999648
2 0.000517 0.000000 0.999483
2 0.000396 0.000000 0.999604
2 0.000360 0.000000 0.999640
2 0.000377 0.000000 0.999623
2 0.000476 0.000000 0.999524
2 0.000343 0.000000 0.999657
2 0.000353 0.000000 0.999647
2 0.000436 0.000000 0.999564
2 0.000328 0.000000 0.999672
2 0.000351 0.000000 0.999649
2 0.000363 0.000000 0.999637
2 0.000366 0.000000 0.999634
2 0.000340 0.000000 0.999660
2 0.000397 0.000000 0.999603
2 0.000632 0.000000 0.999368
0 0.982031 0.000000 0.017969
2 0.000372 0.000000 0.999628
2 0.000334 0.000000 0.999666
0 0.994347 0.000000 0.005653
0 0.998580 0.000000 0.001420
0 0.997571 0.000000 0.002429
0 0.997409 0.000000 0.002591
0 0.998344 0.000000 0.001656
0 0.996456 0.000000 0.003544
0 0.998561 0.000000 0.001439
0 0.998745 0.000000 0.001255
0 0.997611 0.000000 0.002389
0 0.998291 0.000000 0.001709
0 0.987923 0.000000 0.012077
0 0.998319 0.000000 0.001681
0 0.994609 0.000000 0.005391
0 0.999056 0.000000 0.000944
0 0.996232 0.000000 0.003768
0 0.998330 0.000000 0.001670
0 0.998169 0.000000 0.001831
0 0.998656 0.000000 0.001344
0 0.997290 0.000000 0.002710
0 0.998046 0.000000 0.001954
0 0.999061 0.000000 0.000939
0 0.998688 0.000000 0.001312
0 0.998698 0.000000 0.001302
0 0.999055 0.000000 0.000945
2 0.040079 0.000000 0.959921
0 0.997803 0.000000 0.002197
0 0.999135 0.000000 0.000865
0 0.998623 0.000000 0.001377
0 0.997756 0.000000 0.002244
0 0.997918 0.000000 0.002082
0 0.999173 0.000000 0.000827
0 0.995111 0.000000 0.004889
0 0.999138 0.000000 0.000862
0 0.996015 0.000000 0.003985
0 0.939025 0.000000 0.060975
0 0.926678 0.000000 0.073322
2 0.087524 0.000000 0.912476
2 0.014032 0.000000 0.985968
2 0.011914 0.000000 0.988086
2 0.001378 0.000000 0.998622
2 0.031039 0.000000 0.968961
2 0.002394 0.000000 0.997606
2 0.009007 0.000000 0.990993
2 0.010867 0.000000 0.989133
2 0.003544 0.000000 0.996456
2 0.103744 0.000000 0.896256
2 0.015535 0.000000 0.984465
2 0.033026 0.000000 0.966974
2 0.045995 0.000000 0.954005
0 0.999011 0.000000 0.000989
2 0.024508 0.000000 0.975492
2 0.017162 0.000000 0.982838
0 0.998453 0.000000 0.001547
0 0.979902 0.000000 0.020098
2 0.048432 0.000000 0.951568
2 0.018675 0.000000 0.981325
0 0.977038 0.000000 0.022962
0 0.990370 0.000000 0.009630
0 0.998363 0.000000 0.001637
2 0.018738 0.000000 0.981262
2 0.010250 0.000000 0.989750
0 0.704969 0.000000 0.295031
2 0.019131 0.000000 0.980869
2 0.000318 0.000000 0.999682
2 0.009507 0.000000 0.990493
0 0.969494 0.000000 0.030506
2 0.002599 0.000000 0.997401
2 0.026511 0.000000 0.973489
2 0.000366 0.000000 0.999634
0 0.999039 0.000000 0.000961
0 0.997466 0.000000 0.002534
2 0.000359 0.000000 0.999641
0 0.966175 0.000000 0.033825
0 0.967557 0.000000 0.032443
0 0.998707 0.000000 0.001293
0 0.992946 0.000000 0.007054
0 0.903489 0.000000 0.096511
2 0.000403 0.000000 0.999597
0 0.837191 0.000000 0.162809
2 0.030794 0.000000 0.969206
0 0.999137 0.000000 0.000863
0 0.997034 0.000000 0.002966
2 0.032981 0.000000 0.967019
0 0.997950 0.000000 0.002050
0 0.998215 0.000000 0.001785
0 0.993346 0.000000 0.006654
0 0.999139 0.000000 0.000861
0 0.999163 0.000000 0.000837
2 0.067442 0.000000 0.932558
2 0.028009 0.000000 0.971991
2 0.000336 0.000000 0.999664
2 0.011458 0.000000 0.988542
2 0.036046 0.000000 0.963954
0 0.999118 0.000000 0.000882
0 0.999053 0.000000 0.000947
2 0.000340 0.000000 0.999660
2 0.000327 0.000000 0.999673
0 0.998768 0.000000 0.001232
2 0.016638 0.000000 0.983362
2 0.019191 0.000000 0.980809
0 0.928516 0.000000 0.071484
2 0.000453 0.000000 0.999547
0 0.998903 0.000000 0.001097
0 0.995758 0.000000 0.004242
0 0.750637 0.000000 0.249363
2 0.000376 0.000000 0.999624
2 0.023851 0.000000 0.976149
2 0.000351 0.000000 0.999649
0 0.998918 0.000000 0.001082
0 0.999211 0.000000 0.000789
2 0.038045 0.000000 0.961955
0 0.998917 0.000000 0.001083
2 0.000322 0.000000 0.999678
0 0.993628 0.000000 0.006372
0 0.998770 0.000000 0.001230
0 0.986927 0.000000 0.013073
0 0.999048 0.000000 0.000952
2 0.019335 0.000000 0.980665
2 0.049813 0.000000 0.950187
0 0.994590 0.000000 0.005410
0 0.839117 0.000000 0.160883
2 0.009610 0.000000 0.990390
0 0.987907 0.000000 0.012093
2 0.026497 0.000000 0.973503
2 0.045058 0.000000 0.954942
2 0.024241 0.000000 0.975759
0 0.999276 0.000000 0.000724
0 0.987305 0.000000 0.012695
0 0.977638 0.000000 0.022362
2 0.000338 0.000000 0.999662
0 0.950656 0.000000 0.049344
2 0.000415 0.000000 0.999585
2 0.024132 0.000000 0.975868
0 0.998977 0.000000 0.001023
2 0.009694 0.000000 0.990306
0 0.998179 0.000000 0.001821
0 0.899051 0.000000 0.100949
0 0.998786 0.000000 0.001214
2 0.042556 0.000000 0.957444
2 0.029375 0.000000 0.970625
0 0.997587 0.000000 0.002413
0 0.995137 0.000000 0.004863
0 0.999210 0.000000 0.000790
2 0.008143 0.000000 0.991857
0 0.941484 0.000000 0.058516
0 0.999051 0.000000 0.000949
2 0.000442 0.000000 0.999558
2 0.001040 0.000000 0.998960
2 0.000354 0.000000 0.999646
0 0.999025 0.000000 0.000975
2 0.008934 0.000000 0.991066
2 0.009659 0.000000 0.990341
2 0.000535 0.000000 0.999465
0 0.969681 0.000000 0.030319
2 0.011979 0.000000 0.988021
0 0.999198 0.000000 0.000802
0 0.972060 0.000000 0.027940
2 0.003330 0.000000 0.996670
2 0.014714 0.000000 0.985286
2 0.033147 0.000000 0.966853
2 0.000433 0.000000 0.999567
0 0.998825 0.000000 0.001175
0 0.964943 0.000000 0.035057
0 0.978121 0.000000 0.021879
2 0.000447 0.000000 0.999553
0 0.998974 0.000000 0.001026
0 0.997331 0.000000 0.002669
0 0.993261 0.000000 0.006739
0 0.995310 0.000000 0.004690
0 0.998247 0.000000 0.001753
0 0.998594 0.000000 0.001406
2 0.034042 0.000000 0.965958
0 0.958693 0.000000 0.041307
2 0.032119 0.000000 0.967881
2 0.028510 0.000000 0.971490
2 0.032673 0.000000 0.967327
0 0.933114 0.000000 0.066886
0 0.989061 0.000000 0.010939
0 0.984497 0.000000 0.015503
0 0.999027 0.000000 0.000973
0 0.994954 0.000000 0.005046
0 0.997376 0.000000 0.002624
0 0.974399 0.000000 0.025601
0 0.998743 0.000000 0.001257
0 0.998359 0.000000 0.001641
2 0.048811 0.000000 0.951189
2 0.032046 0.000000 0.967954
0 0.997550 0.000000 0.002450
0 0.969044 0.000000 0.030956
0 0.965506 0.000000 0.034494
0 0.992912 0.000000 0.007088
2 0.000368 0.000000 0.999632
0 0.961265 0.000000 0.038735
0 0.951914 0.000000 0.048086
0 0.840635 0.000000 0.159365
0 0.998771 0.000000 0.001229
2 0.019536 0.000000 0.980464
2 0.000377 0.000000 0.999623
0 0.964644 0.000000 0.035356
2 0.026754 0.000000 0.973246
2 0.021546 0.000000 0.978454
0 0.997745 0.000000 0.002255
0 0.989830 0.000000 0.010170
0 0.900893 0.000000 0.099107
0 0.982846 0.000000 0.017154
2 0.014842 0.000000 0.985158
2 0.025162 0.000000 0.974838
0 0.998243 0.000000 0.001757
2 0.049936 0.000000 0.950064
0 0.875940 0.000000 0.124060
0 0.998743 0.000000 0.001257
0 0.888390 0.000000 0.111610
0 0.997189 0.000000 0.002811
0 0.997975 0.000000 0.002025
2 0.022002 0.000000 0.977998
0 0.975994 0.000000 0.024006
2 0.032794 0.000000 0.967206
2 0.000323 0.000000 0.999677
0 0.932614 0.000000 0.067386
0 0.951545 0.000000 0.048455
0 0.998915 0.000000 0.001085
0 0.952341 0.000000 0.047659
2 0.007177 0.000000 0.992823
0 0.999056 0.000000 0.000944
0 0.997441 0.000000 0.002559
2 0.052759 0.000000 0.947241
2 0.033049 0.000000 0.966951
0 0.998607 0.000000 0.001393
0 0.987841 0.000000 0.012159
0 0.995375 0.000000 0.004625
2 0.000404 0.000000 0.999596
0 0.991197 0.000000 0.008803
2 0.035602 0.000000 0.964398
0 0.925900 0.000000 0.074100
0 0.977838 0.000000 0.022162
0 0.998959 0.000000 0.001041
0 0.999162 0.000000 0.000838
0 0.996196 0.000000 0.003804
2 0.000352 0.000000 0.999648
2 0.028501 0.000000 0.971499
2 0.002420 0.000000 0.997580
2 0.021608 0.000000 0.978392
0 0.995196 0.000000 0.004804
0 0.991034 0.000000 0.008966
0 0.942637 0.000000 0.057363
0 0.997626 0.000000 0.002374
2 0.027570 0.000000 0.972430
0 0.992663 0.000000 0.007337
0 0.888467 0.000000 0.111533
2 0.017379 0.000000 0.982621
2 0.012599 0.000000 0.987401
2 0.009563 0.000000 0.990437
0 0.865062 0.000000 0.134938
0 0.998133 0.000000 0.001867
0 0.998070 0.000000 0.001930
0 0.998474 0.000000 0.001526
2 0.041944 0.000000 0.958056
2 0.020491 0.000000 0.979509
0 0.997798 0.000000 0.002202
0 0.997829 0.000000 0.002171
0 0.980285 0.000000 0.019715
2 0.040382 0.000000 0.959618
2 0.035315 0.000000 0.964685
2 0.012083 0.000000 0.987917
2 0.000505 0.000000 0.999495
0 0.999106 0.000000 0.000894
2 0.040058 0.000000 0.959942
2 0.041086 0.000000 0.958914
0 0.988696 0.000000 0.011304
0 0.976210 0.000000 0.023790
2 0.017135 0.000000 0.982865
2 0.021746 0.000000 0.978254
0 0.996571 0.000000 0.003429
0 0.991533 0.000000 0.008467
0 0.994723 0.000000 0.005277
0 0.933911 0.000000 0.066089
2 0.000319 0.000000 0.999681
0 0.891934 0.000000 0.108066
0 0.960782 0.000000 0.039218
0 0.996315 0.000000 0.003685
2 0.019267 0.000000 0.980733
0 0.981495 0.000000 0.018505
0 0.988100 0.000000 0.011900
2 0.024928 0.000000 0.975072
0 0.998760 0.000000 0.001240
2 0.014365 0.000000 0.985635
2 0.037576 0.000000 0.962424
2 0.020317 0.000000 0.979683
0 0.953988 0.000000 0.046012
0 0.992158 0.000000 0.007842
0 0.972293 0.000000 0.027707
0 0.964063 0.000000 0.035937
0 0.995820 0.000000 0.004180
0 0.998442 0.000000 0.001558
0 0.989614 0.000000 0.010386
0 0.995993 0.000000 0.004007
2 0.054692 0.000000 0.945308
0 0.974478 0.000000 0.025522
2 0.000526 0.000000 0.999474
0 0.998810 0.000000 0.001190
0 0.943045 0.000000 0.056955
2 0.023007 0.000000 0.976993
2 0.011060 0.000000 0.988940
0 0.999164 0.000000 0.000836
2 0.009957 0.000000 0.990043
2 0.026841 0.000000 0.973159
0 0.988156 0.000000 0.011844
0 0.998633 0.000000 0.001367
2 0.030903 0.000000 0.969097
0 0.993025 0.000000 0.006975
2 0.000378 0.000000 0.999622
0 0.999191 0.000000 0.000809
0 0.955172 0.000000 0.044828
2 0.000314 0.000000 0.999686
2 0.007955 0.000000 0.992045
2 0.015117 0.000000 0.984883
0 0.999080 0.000000 0.000920
2 0.046156 0.000000 0.953844
2 0.000330 0.000000 0.999670
0 0.990393 0.000000 0.009607
0 0.999279 0.000000 0.000721
2 0.007934 0.000000 0.992066
0 0.998942 0.000000 0.001058
0 0.998979 0.000000 0.001021
2 0.008948 0.000000 0.991052
0 0.982724 0.000000 0.017276
0 0.981751 0.000000 0.018249
2 0.020004 0.000000 0.979996
0 0.997142 0.000000 0.002858
2 0.031050 0.000000 0.968950
2 0.000375 0.000000 0.999625
0 0.983917 0.000000 0.016083
0 0.997413 0.000000 0.002587
0 0.940198 0.000000 0.059802
2 0.019916 0.000000 0.980084
2 0.074451 0.000000 0.925549
2 0.076336 0.000000 0.923664
2 0.047097 0.000000 0.952903
0 0.997940 0.000000 0.002060
2 0.035629 0.000000 0.964371
0 0.990727 0.000000 0.009273
2 0.020391 0.000000 0.979609
0 0.989422 0.000000 0.010578
2 0.004725 0.000000 0.995275
2 0.038333 0.000000 0.961667
0 0.998090 0.000000 0.001910
0 0.970042 0.000000 0.029958
2 0.000386 0.000000 0.999614
0 0.998159 0.000000 0.001841
0 0.977049 0.000000 0.022951
0 0.971789 0.000000 0.028211
2 0.006107 0.000000 0.993893
2 0.000336 0.000000 0.999664
0 0.891243 0.000000 0.108757
0 0.997718 0.000000 0.002282
0 0.998574 0.000000 0.001426
2 0.013269 0.000000 0.986731
2 0.016387 0.000000 0.983613
2 0.031014 0.000000 0.968986
2 0.000362 0.000000 0.999638
2 0.017178 0.000000 0.982822
0 0.976788 0.000000 0.023212
2 0.003476 0.000000 0.996524
0 0.998760 0.000000 0.001240
2 0.038821 0.000000 0.961179
0 0.987065 0.000000 0.012935
2 0.044506 0.000000 0.955494
0 0.895732 0.000000 0.104268
0 0.998757 0.000000 0.001243
2 0.031967 0.000000 0.968033
0 0.997501 0.000000 0.002499
0 0.985383 0.000000 0.014617
0 0.988442 0.000000 0.011558
0 0.997817 0.000000 0.002183
2 0.014935 0.000000 0.985065
0 0.999052 0.000000 0.000948
2 0.025442 0.000000 0.974558
2 0.012519 0.000000 0.987481
2 0.019749 0.000000 0.980251
2 0.041264 0.000000 0.958736
0 0.998145 0.000000 0.001855
2 0.014617 0.000000 0.985383
2 0.025104 0.000000 0.974896
0 0.998146 0.000000 0.001854
0 0.997391 0.000000 0.002609
0 0.997177 0.000000 0.002823
0 0.994151 0.000000 0.005849
0 0.977354 0.000000 0.022646
0 0.998453 0.000000 0.001547
2 0.028764 0.000000 0.971236
2 0.025281 0.000000 0.974719
0 0.985263 0.000000 0.014737
0 0.998762 0.000000 0.001238
0 0.997904 0.000000 0.002096
2 0.010558 0.000000 0.989442
0 0.971850 0.000000 0.028150
0 0.999145 0.000000 0.000855
2 0.011696 0.000000 0.988304
0 0.982916 0.000000 0.017084
0 0.996022 0.000000 0.003978
1 0.263055 0.736945 0.000000
2 0.001863 0.000000 0.998137
2 0.035285 0.000000 0.964715
2 0.012444 0.000000 0.987556
2 0.000422 0.000000 0.999578
0 0.997310 0.000000 0.002690
0 0.998981 0.000000 0.001019
2 0.000318 0.000000 0.999682
2 0.024250 0.000000 0.975750
2 0.018673 0.000000 0.981327
2 0.032320 0.000000 0.967680
2 0.057183 0.000000 0.942817
0 0.998618 0.000000 0.001382
0 0.964074 0.000000 0.035926
2 0.008948 0.000000 0.991052
0 0.997724 0.000000 0.002276
0 0.996619 0.000000 0.003381
0 0.999089 0.000000 0.000911
0 0.999303 0.000000 0.000697
0 0.998760 0.000000 0.001240
2 0.016957 0.000000 0.983043
2 0.031569 0.000000 0.968431
2 0.029136 0.000000 0.970864
2 0.000339 0.000000 0.999661
0 0.996645 0.000000 0.003355
0 0.999291 0.000000 0.000709
2 0.000430 0.000000 0.999570
0 0.974688 0.000000 0.025312
2 0.000328 0.000000 0.999672
0 0.998987 0.000000 0.001013
0 0.999209 0.000000 0.000791
0 0.987525 0.000000 0.012475
0 0.998928 0.000000 0.001072
0 0.919291 0.000000 0.080709
2 0.022868 0.000000 0.977132
0 0.999162 0.000000 0.000838
2 0.023486 0.000000 0.976514
2 0.021716 0.000000 0.978284
0 0.990233 0.000000 0.009767
0 0.956831 0.000000 0.043169
2 0.013192 0.000000 0.986808
2 0.001013 0.000000 0.998987
0 0.999204 0.000000 0.000796
2 0.023073 0.000000 0.976927
2 0.000449 0.000000 0.999551
0 0.921088 0.000000 0.078912
2 0.031202 0.000000 0.968798
2 0.042472 0.000000 0.957528
2 0.016895 0.000000 0.983105
2 0.024131 0.000000 0.975869
0 0.995491 0.000000 0.004509
0 0.995462 0.000000 0.004538
2 0.007960 0.000000 0.992040
0 0.995320 0.000000 0.004680
0 0.937220 0.000000 0.062780
0 0.999324 0.000000 0.000676
0 0.951904 0.000000 0.048096
2 0.026496 0.000000 0.973504
2 0.037708 0.000000 0.962292
2 0.010676 0.000000 0.989324
2 0.000328 0.000000 0.999672
0 0.976958 0.000000 0.023042
0 0.978504 0.000000 0.021496
2 0.029804 0.000000 0.970196
2 0.090945 0.000000 0.909055
2 0.003981 0.000000 0.996019
0 0.996334 0.000000 0.003666
2 0.021292 0.000000 0.978708
2 0.000326 0.000000 0.999674
2 0.041696 0.000000 0.958304
2 0.034363 0.000000 0.965637
2 0.045705 0.000000 0.954295
0 0.992343 0.000000 0.007657
0 0.999304 0.000000 0.000696
0 0.994705 0.000000 0.005295
2 0.069012 0.000000 0.930988
2 0.005207 0.000000 0.994793
2 0.024554 0.000000 0.975446
2 0.029442 0.000000 0.970558
0 0.999164 0.000000 0.000836
2 0.000388 0.000000 0.999612
2 0.023514 0.000000 0.976486
0 0.997603 0.000000 0.002397
0 0.998956 0.000000 0.001044
0 0.932415 0.000000 0.067585
2 0.011422 0.000000 0.988578
0 0.998976 0.000000 0.001024
0 0.993193 0.000000 0.006807
0 0.998432 0.000000 0.001568
0 0.998805 0.000000 0.001195
0 0.990287 0.000000 0.009713
2 0.000382 0.000000 0.999618
0 0.998543 0.000000 0.001457
2 0.013919 0.000000 0.986081
0 0.952866 0.000000 0.047134
0 0.998163 0.000000 0.001837
2 0.032107 0.000000 0.967893
0 0.999253 0.000000 0.000747
0 0.952816 0.000000 0.047184
2 0.000344 0.000000 0.999656
2 0.005817 0.000000 0.994183
2 0.015079 0.000000 0.984921
2 0.015646 0.000000 0.984354
2 0.000403 0.000000 0.999597
0 0.984330 0.000000 0.015670
2 0.003316 0.000000 0.996684
0 0.997756 0.000000 0.002244
2 0.000369 0.000000 0.999631
2 0.020886 0.000000 0.979114
0 0.998651 0.000000 0.001349
2 0.019915 0.000000 0.980085
0 0.997970 0.000000 0.002030
0 0.997177 0.000000 0.002823
0 0.996878 0.000000 0.003122
2 0.000330 0.000000 0.999670
2 0.025907 0.000000 0.974093
0 0.998862 0.000000 0.001138
0 0.971564 0.000000 0.028436
0 0.989803 0.000000 0.010197
2 0.000323 0.000000 0.999677
2 0.040583 0.000000 0.959417
2 0.023247 0.000000 0.976753
0 0.998765 0.000000 0.001235
0 0.997778 0.000000 0.002222
0 0.999227 0.000000 0.000773
0 0.998743 0.000000 0.001257
2 0.000348 0.000000 0.999652
0 0.999031 0.000000 0.000969
2 0.026138 0.000000 0.973862
2 0.022198 0.000000 0.977802
2 0.019951 0.000000 0.980049
2 0.005446 0.000000 0.994554
0 0.942091 0.000000 0.057909
2 0.011792 0.000000 0.988208
2 0.028196 0.000000 0.971804
0 0.990506 0.000000 0.009494
0 0.973081 0.000000 0.026919
0 0.999269 0.000000 0.000731
0 0.998274 0.000000 0.001726
2 0.096170 0.000000 0.903830
2 0.000315 0.000000 0.999685
0 0.998293 0.000000 0.001707
0 0.968553 0.000000 0.031447
2 0.036883 0.000000 0.963117
0 0.996770 0.000000 0.003230
2 0.000375 0.000000 0.999625
2 0.014559 0.000000 0.985441
0 0.968590 0.000000 0.031410
1 0.000000 0.794819 0.205181
2 0.006946 0.000000 0.993054
1 0.296339 0.703661 0.000000
2 0.248899 0.000000 0.751101
2 0.299356 0.000000 0.700644
1 0.000000 0.694151 0.305849
2 0.046922 0.000000 0.953078
1 0.259852 0.740148 0.000000
0 0.924429 0.000000 0.075571
2 0.003436 0.000000 0.996564
1 0.000000 0.814000 0.186000
2 0.044841 0.000000 0.955159
1 0.000000 0.913106 0.086894
2 0.015856 0.000000 0.984144
1 0.459749 0.540251 0.000000
2 0.152969 0.000000 0.847031
2 0.013807 0.000000 0.986193
2 0.089773 0.000000 0.910227
0 0.936016 0.000000 0.063984
2 0.331102 0.000000 0.668898
2 0.082216 0.000000 0.917784
1 0.435553 0.564447 0.000000
1 0.000000 0.679844 0.320156
1 0.160224 0.839776 0.000000
2 0.016594 0.000000 0.983406
2 0.151629 0.000000 0.848371
2 0.047004 0.000000 0.952996
2 0.077425 0.000000 0.922575
2 0.051790 0.000000 0.948210
2 0.150481 0.000000 0.849519
1 0.000000 0.587112 0.412888
2 0.288122 0.000000 0.711878
1 0.000000 0.679362 0.320638
2 0.005755 0.000000 0.994245
2 0.028900 0.000000 0.971100
2 0.222804 0.000000 0.777196
2 0.061931 0.000000 0.938069
0 0.798957 0.000000 0.201043
0 0.988835 0.000000 0.011165
1 0.000000 0.914113 0.085887
0 0.782908 0.000000 0.217092
2 0.006923 0.000000 0.993077
2 0.203397 0.000000 0.796603
0 0.928643 0.000000 0.071357
1 0.000000 0.752308 0.247692
2 0.078316 0.000000 0.921684
2 0.159760 0.000000 0.840240
2 0.173881 0.000000 0.826119
0 0.939795 0.000000 0.060205
2 0.307520 0.000000 0.692480
1 0.000000 0.597177 0.402823
2 0.076938 0.000000 0.923062
2 0.254244 0.000000 0.745756
2 0.071336 0.000000 0.928664
2 0.122360 0.000000 0.877640
2 0.158314 0.000000 0.841686
1 0.192917 0.807083 0.000000
2 0.053273 0.000000 0.946727
0 0.939830 0.000000 0.060170
1 0.000000 0.616979 0.383021
2 0.105710 0.000000 0.894290
2 0.016636 0.000000 0.983364
0 0.831111 0.000000 0.168889
1 0.200540 0.799460 0.000000
2 0.191295 0.000000 0.808705
2 0.218554 0.000000 0.781446
2 0.113830 0.000000 0.886170
0 0.684384 0.000000 0.315616
2 0.215061 0.000000 0.784939
2 0.035753 0.000000 0.964247
2 0.026234 0.000000 0.973766
2 0.135018 0.000000 0.864982
1 0.000000 0.824372 0.175628
2 0.118299 0.000000 0.881701
1 0.128418 0.871582 0.000000
2 0.067709 0.000000 0.932291
1 0.000000 0.684145 0.315855
2 0.106445 0.000000 0.893555
2 0.093956 0.000000 0.906044
2 0.001483 0.000000 0.998517
2 0.326833 0.000000 0.673167
2 0.006842 0.000000 0.993158
2 0.009531 0.000000 0.990469
2 0.245892 0.000000 0.754108
2 0.195641 0.000000 0.804359
2 0.215064 0.000000 0.784936
2 0.074043 0.000000 0.925957
2 0.287143 0.000000 0.712857
2 0.077766 0.000000 0.922234
2 0.167301 0.000000 0.832699
2 0.122781 0.000000 0.877219
2 0.001370 0.000000 0.998630
1 0.000000 0.805449 0.194551
2 0.038844 0.000000 0.961156
0 0.705646 0.000000 0.294354
2 0.011962 0.000000 0.988038
2 0.041826 0.000000 0.958174
2 0.184522 0.000000 0.815478
2 0.285842 0.000000 0.714158
2 0.147271 0.000000 0.852729
2 0.182387 0.000000 0.817613
2 0.032703 0.000000 0.967297
2 0.044702 0.000000 0.955298
2 0.052650 0.000000 0.947350
1 0.326403 0.673597 0.000000
2 0.104593 0.000000 0.895407
2 0.250970 0.000000 0.749030
2 0.160267 0.000000 0.839733
2 0.294253 0.000000 0.705747
2 0.063162 0.000000 0.936838
0 0.807343 0.000000 0.192657
2 0.005168 0.000000 0.994832
2 0.022994 0.000000 0.977006
1 0.000000 0.889701 0.110299
1 0.000000 0.656833 0.343167
2 0.064871 0.000000 0.935129
0 0.817369 0.000000 0.182631
2 0.182178 0.000000 0.817822
2 0.054801 0.000000 0.945199
2 0.010636 0.000000 0.989364
0 0.992266 0.000000 0.007734
2 0.007795 0.000000 0.992205
2 0.051343 0.000000 0.948657
1 0.000000 0.900901 0.099099
2 0.216840 0.000000 0.783160
1 0.000000 0.574666 0.425334
2 0.075184 0.000000 0.924816
2 0.056679 0.000000 0.943321
2 0.186368 0.000000 0.813632
1 0.000000 0.610357 0.389643
2 0.140779 0.000000 0.859221
2 0.086386 0.000000 0.913614
0 0.873550 0.000000 0.126450
0 0.741419 0.000000 0.258581
2 0.020259 0.000000 0.979741
2 0.158667 0.000000 0.841333
2 0.185160 0.000000 0.814840
2 0.084565 0.000000 0.915435
2 0.047515 0.000000 0.952485
2 0.232503 0.000000 0.767497
2 0.071217 0.000000 0.928783
2 0.019478 0.000000 0.980522
1 0.000000 0.699142 0.300858
2 0.250266 0.000000 0.749734
1 0.000000 0.558555 0.441445
1 0.016784 0.983216 0.000000
2 0.196543 0.000000 0.803457
2 0.247523 0.000000 0.752477
0 0.991265 0.000000 0.008735
2 0.258265 0.000000 0.741735
2 0.220528 0.000000 0.779472
2 0.008411 0.000000 0.991589
2 0.124023 0.000000 0.875977
2 0.095212 0.000000 0.904788
0 0.939992 0.000000 0.060008
1 0.000000 0.613606 0.386394
0 0.691460 0.000000 0.308540
2 0.279669 0.000000 0.720331
1 0.000000 0.773221 0.226779
1 0.000000 0.716760 0.283240
1 0.231357 0.768643 0.000000
2 0.273118 0.000000 0.726882
1 0.000000 0.777726 0.222274
2 0.319279 0.000000 0.680721
2 0.099905 0.000000 0.900095
1 0.000000 0.978021 0.021979
2 0.125003 0.000000 0.874997
2 0.074510 0.000000 0.925490
0 0.743307 0.000000 0.256693
2 0.253686 0.000000 0.746314
2 0.063279 0.000000 0.936721
0 0.968310 0.000000 0.031690
2 0.087734 0.000000 0.912266
2 0.028344 0.000000 0.971656
2 0.231307 0.000000 0.768693
1 0.000000 0.664095 0.335905
2 0.087222 0.000000 0.912778
2 0.323881 0.000000 0.676119
2 0.312615 0.000000 0.687385
2 0.199735 0.000000 0.800265
1 0.000000 0.584537 0.415463
0 0.887474 0.000000 0.112526
2 0.332246 0.000000 0.667754
2 0.250646 0.000000 0.749354
2 0.100966 0.000000 0.899034
2 0.008274 0.000000 0.991726
2 0.098341 0.000000 0.901659
2 0.170359 0.000000 0.829641
2 0.172477 0.000000 0.827523
2 0.114384 0.000000 0.885616
2 0.002675 0.000000 0.997325
2 0.021430 0.000000 0.978570
2 0.040499 0.000000 0.959501
2 0.221291 0.000000 0.778709
2 0.284321 0.000000 0.715679
2 0.104903 0.000000 0.895097
2 0.030689 0.000000 0.969311
2 0.281066 0.000000 0.718934
2 0.127423 0.000000 0.872577
2 0.226796 0.000000 0.773204
2 0.242740 0.000000 0.757260
2 0.178434 0.000000 0.821566
2 0.168317 0.000000 0.831683
1 0.303245 0.696755 0.000000
2 0.000897 0.000000 0.999103
2 0.092605 0.000000 0.907395
2 0.037517 0.000000 0.962483
2 0.215415 0.000000 0.784585
1 0.182414 0.817586 0.000000
2 0.103467 0.000000 0.896533
2 0.229608 0.000000 0.770392
2 0.214932 0.000000 0.785068
2 0.040944 0.000000 0.959056
2 0.264976 0.000000 0.735024
2 0.047831 0.000000 0.952169
1 0.103029 0.896971 0.000000
2 0.028484 0.000000 0.971516
2 0.077591 0.000000 0.922409
0 0.696291 0.000000 0.303709
2 0.092549 0.000000 0.907451
2 0.324640 0.000000 0.675360
2 0.021040 0.000000 0.978960
2 0.025479 0.000000 0.974521
0 0.939522 0.000000 0.060478
2 0.048493 0.000000 0.951507
1 0.000000 0.695443 0.304557
2 0.011791 0.000000 0.988209
1 0.000000 0.962229 0.037771
2 0.176725 0.000000 0.823275
2 0.314491 0.000000 0.685509
1 0.000000 0.584701 0.415299
0 0.963409 0.000000 0.036591
2 0.039996 0.000000 0.960004
2 0.126037 0.000000 0.873963
2 0.275270 0.000000 0.724730
1 0.094742 0.905258 0.000000
1 0.000000 0.652409 0.347591
1 0.000000 0.969388 0.030612
1 0.000000 0.924649 0.075351
2 0.058057 0.000000 0.941943
0 0.982703 0.000000 0.017297
0 0.827344 0.000000 0.172656
1 0.000000 0.506363 0.493637
2 0.180650 0.000000 0.819350
2 0.016485 0.000000 0.983515
2 0.174126 0.000000 0.825874
1 0.254935 0.745065 0.000000
2 0.004562 0.000000 0.995438
1 0.451320 0.548680 0.000000
2 0.289838 0.000000 0.710162
2 0.288850 0.000000 0.711150
2 0.034982 0.000000 0.965018
0 0.673942 0.000000 0.326058
2 0.043668 0.000000 0.956332
2 0.052687 0.000000 0.947313
0 0.919685 0.000000 0.080315
0 0.932958 0.000000 0.067042
2 0.116326 0.000000 0.883674
2 0.255288 0.000000 0.744712
1 0.399309 0.600691 0.000000
0 0.948565 0.000000 0.051435
0 0.887345 0.000000 0.112655
0 0.686708 0.000000 0.313292
2 0.077824 0.000000 0.922176
2 0.264929 0.000000 0.735071
1 0.000000 0.540576 0.459424
2 0.038836 0.000000 0.961164
2 0.283564 0.000000 0.716436
2 0.025089 0.000000 0.974911
1 0.000000 0.971463 0.028537
2 0.159513 0.000000 0.840487
2 0.300955 0.000000 0.699045
2 0.291525 0.000000 0.708475
2 0.114908 0.000000 0.885092
0 0.738674 0.000000 0.261326
2 0.007461 0.000000 0.992539
2 0.043317 0.000000 0.956683
1 0.000000 0.592039 0.407961
0 0.996913 0.000000 0.003087
2 0.188878 0.000000 0.811122
0 0.891648 0.000000 0.108352
2 0.049840 0.000000 0.950160
2 0.039998 0.000000 0.960002
2 0.036269 0.000000 0.963731
2 0.155185 0.000000 0.844815
1 0.000000 0.786230 0.213770
2 0.201891 0.000000 0.798109
2 0.076610 0.000000 0.923390
2 0.233014 0.000000 0.766986
2 0.024182 0.000000 0.975818
2 0.246346 0.000000 0.753654
2 0.298619 0.000000 0.701381
2 0.231460 0.000000 0.768540
1 0.139363 0.860637 0.000000
2 0.096931 0.000000 0.903069
2 0.172305 0.000000 0.827695
2 0.324145 0.000000 0.675855
2 0.028343 0.000000 0.971657
2 0.031966 0.000000 0.968034
1 0.000000 0.782120 0.217880
0 0.970172 0.000000 0.029828
2 0.048464 0.000000 0.951536
1 0.000000 0.734907 0.265093
2 0.310020 0.000000 0.689980
2 0.173627 0.000000 0.826373
1 0.000000 0.660455 0.339545
1 0.000000 0.817639 0.182361
2 0.136435 0.000000 0.863565
2 0.173601 0.000000 0.826399
2 0.067079 0.000000 0.932921
2 0.018027 0.000000 0.981973
2 0.242519 0.000000 0.757481
2 0.186974 0.000000 0.813026
2 0.017656 0.000000 0.982344
2 0.147766 0.000000 0.852234
1 0.000000 0.862056 0.137944
2 0.177518 0.000000 0.822482
2 0.010999 0.000000 0.989001
2 0.228864 0.000000 0.771136
2 0.027022 0.000000 0.972978
2 0.019695 0.000000 0.980305
2 0.084483 0.000000 0.915517
2 0.220221 0.000000 0.779779
2 0.171594 0.000000 0.828406
2 0.309982 0.000000 0.690018
2 0.223548 0.000000 0.776452
2 0.091729 0.000000 0.908271
2 0.295575 0.000000 0.704425
0 0.993385 0.000000 0.006615
0 0.978240 0.000000 0.021760
2 0.017185 0.000000 0.982815
0 0.969693 0.000000 0.030307
0 0.872440 0.000000 0.127560
0 0.916595 0.000000 0.083405
2 0.191640 0.000000 0.808360
2 0.185450 0.000000 0.814550
0 0.771900 0.000000 0.228100
0 0.925388 0.000000 0.074612
2 0.028256 0.000000 0.971744
2 0.016018 0.000000 0.983982
0 0.969418 0.000000 0.030582
2 0.217235 0.000000 0.782765
2 0.222148 0.000000 0.777852
0 0.874330 0.000000 0.125670
2 0.010304 0.000000 0.989696
1 0.064624 0.935376 0.000000
1 0.196590 0.803410 0.000000
2 0.014645 0.000000 0.985355
2 0.039521 0.000000 0.960479
1 0.000000 0.509895 0.490105
1 0.013723 0.986277 0.000000
2 0.082095 0.000000 0.917905
0 0.973601 0.000000 0.026399
2 0.132384 0.000000 0.867616
2 0.119470 0.000000 0.880530
1 0.000000 0.847535 0.152465
2 0.043600 0.000000 0.956400
2 0.047793 0.000000 0.952207
0 0.980615 0.000000 0.019385
2 0.114721 0.000000 0.885279
1 0.000000 0.695916 0.304084
1 0.293331 0.706669 0.000000
2 0.067697 0.000000 0.932303
2 0.117975 0.000000 0.882025
2 0.031916 0.000000 0.968084
2 0.147014 0.000000 0.852986
2 0.060221 0.000000 0.939779
2 0.141452 0.000000 0.858548
2 0.222006 0.000000 0.777994
0 0.945017 0.000000 0.054983
0 0.830233 0.000000 0.169767
2 0.104555 0.000000 0.895445
2 0.229829 0.000000 0.770171
2 0.157447 0.000000 0.842553
2 0.192832 0.000000 0.807168
2 0.021053 0.000000 0.978947
2 0.020793 0.000000 0.979207
0 0.731002 0.000000 0.268998
2 0.010659 0.000000 0.989341
1 0.000000 0.553715 0.446285
2 0.042593 0.000000 0.957407
1 0.000000 0.888362 0.111638
2 0.036039 0.000000 0.963961
1 0.000000 0.528347 0.471653
1 0.254747 0.745253 0.000000
2 0.064922 0.000000 0.935078
2 0.082120 0.000000 0.917880
2 0.082546 0.000000 0.917454
2 0.177327 0.000000 0.822673
2 0.000846 0.000000 0.999154
1 0.000000 0.579563 0.420437
0 0.910253 0.000000 0.089747
2 0.220047 0.000000 0.779953
2 0.251069 0.000000 0.748931
1 0.000000 0.624388 0.375612
2 0.287065 0.000000 0.712935
2 0.020769 0.000000 0.979231
2 0.160374 0.000000 0.839626
2 0.000825 0.000000 0.999175
0 0.883387 0.000000 0.116613
0 0.697898 0.000000 0.302102
0 0.927036 0.000000 0.072964
2 0.303134 0.000000 0.696866
2 0.173991 0.000000 0.826009
1 0.000000 0.646497 0.353503
2 0.004332 0.000000 0.995668
2 0.061287 0.000000 0.938713
0 0.948389 0.000000 0.051611
2 0.049878 0.000000 0.950122
0 0.961623 0.000000 0.038377
1 0.000000 0.994663 0.005337
2 0.140693 0.000000 0.859307
0 0.811221 0.000000 0.188779
2 0.040060 0.000000 0.959940
1 0.045250 0.954750 0.000000
2 0.092740 0.000000 0.907260
2 0.039394 0.000000 0.960606
2 0.071337 0.000000 0.928663
2 0.134076 0.000000 0.865924
2 0.250218 0.000000 0.749782
2 0.016516 0.000000 0.983484
1 0.056380 0.943620 0.000000
0 0.973155 0.000000 0.026845
2 0.093903 0.000000 0.906097
2 0.136458 0.000000 0.863542
2 0.097677 0.000000 0.902323
2 0.087715 0.000000 0.912285
2 0.065401 0.000000 0.934599
2 0.095428 0.000000 0.904572
2 0.044705 0.000000 0.955295
2 0.055680 0.000000 0.944320
0 0.739598 0.000000 0.260402
2 0.211002 0.000000 0.788998
1 0.000000 0.604070 0.395930
2 0.048418 0.000000 0.951582
2 0.114686 0.000000 0.885314
2 0.153505 0.000000 0.846495
2 0.315224 0.000000 0.684776
2 0.139176 0.000000 0.860824
2 0.001569 0.000000 0.998431
1 0.088640 0.911360 0.000000
1 0.066809 0.933191 0.000000
2 0.175730 0.000000 0.824270
2 0.022941 0.000000 0.977059
2 0.129783 0.000000 0.870217
2 0.093427 0.000000 0.906573
2 0.002368 0.000000 0.997632
2 0.218389 0.000000 0.781611
0 0.945249 0.000000 0.054751
2 0.320222 0.000000 0.679778
2 0.038601 0.000000 0.961399
1 0.037816 0.962184 0.000000
2 0.121800 0.000000 0.878200
2 0.042394 0.000000 0.957606
2 0.195574 0.000000 0.804426
2 0.055357 0.000000 0.944643
2 0.000965 0.000000 0.999035
1 0.000000 0.722942 0.277058
2 0.176083 0.000000 0.823917
2 0.107634 0.000000 0.892366
2 0.055099 0.000000 0.944901
1 0.000000 0.589300 0.410700
2 0.029847 0.000000 0.970153
1 0.000000 0.886064 0.113936
0 0.982586 0.000000 0.017414
2 0.038904 0.000000 0.961096
0 0.970185 0.000000 0.029815
2 0.212629 0.000000 0.787371
2 0.165526 0.000000 0.834474
2 0.095588 0.000000 0.904412
2 0.038794 0.000000 0.961206
2 0.001773 0.000000 0.998227
2 0.058046 0.000000 0.941954
0 0.970681 0.000000 0.029319
2 0.267457 0.000000 0.732543
1 0.000000 0.603072 0.396928
2 0.036125 0.000000 0.963875
2 0.106319 0.000000 0.893681
2 0.102975 0.000000 0.897025
2 0.320263 0.000000 0.679737
2 0.029353 0.000000 0.970647
1 0.000000 0.716091 0.283909
0 0.975525 0.000000 0.024475
1 0.000000 0.811433 0.188567
0 0.773128 0.000000 0.226872
2 0.075142 0.000000 0.924858
2 0.018437 0.000000 0.981563
2 0.207382 0.000000 0.792618
2 0.184765 0.000000 0.815235
2 0.003944 0.000000 0.996056
0 0.811943 0.000000 0.188057
2 0.261122 0.000000 0.738878
0 0.688472 0.000000 0.311528
1 0.487441 0.512559 0.000000
2 0.293894 0.000000 0.706106
0 0.688010 0.000000 0.311990
0 0.960228 0.000000 0.039772
2 0.153019 0.000000 0.846981
2 0.194522 0.000000 0.805478
2 0.010315 0.000000 0.989685
2 0.028486 0.000000 0.971514
2 0.023902 0.000000 0.976098
0 0.946539 0.000000 0.053461
0 0.955056 0.000000 0.044944
0 0.834633 0.000000 0.165367
0 0.974473 0.000000 0.025527
0 0.999247 0.000000 0.000753
0 0.999205 0.000000 0.000795
0 0.997877 0.000000 0.002123
0 0.999046 0.000000 0.000954
0 0.899666 0.000000 0.100334
0 0.939052 0.000000 0.060948
2 0.033579 0.000000 0.966421
2 0.024514 0.000000 0.975486
2 0.012379 0.000000 0.987621
2 0.001473 0.000000 0.998527
0 0.987156 0.000000 0.012844
0 0.996858 0.000000 0.003142
2 0.026804 0.000000 0.973196
2 0.018710 0.000000 0.981290
0 0.999270 0.000000 0.000730
0 0.996986 0.000000 0.003014
0 0.999106 0.000000 0.000894
0 0.998801 0.000000 0.001199
0 0.942880 0.000000 0.057120
0 0.971573 0.000000 0.028427
0 0.998653 0.000000 0.001347
0 0.998500 0.000000 0.001500
2 0.013990 0.000000 0.986010
2 0.000323 0.000000 0.999677
0 0.868812 0.000000 0.131188
0 0.922659 0.000000 0.077341
2 0.035508 0.000000 0.964492
2 0.011750 0.000000 0.988250
0 0.978619 0.000000 0.021381
0 0.981530 0.000000 0.018470
2 0.037042 0.000000 0.962958
2 0.035114 0.000000 0.964886
0 0.999277 0.000000 0.000723
0 0.998737 0.000000 0.001263
2 0.013331 0.000000 0.986669
2 0.015509 0.000000 0.984491
0 0.999080 0.000000 0.000920
0 0.962994 0.000000 0.037006
0 0.999103 0.000000 0.000897
0 0.955368 0.000000 0.044632
2 0.047747 0.000000 0.952253
2 0.050762 0.000000 0.949238
2 0.012896 0.000000 0.987104
2 0.012358 0.000000 0.987642
2 0.015167 0.000000 0.984833
2 0.000629 0.000000 0.999371
0 0.855274 0.000000 0.144726
0 0.994479 0.000000 0.005521
2 0.009430 0.000000 0.990570
2 0.003522 0.000000 0.996478
2 0.010229 0.000000 0.989771
2 0.009327 0.000000 0.990673
2 0.000420 0.000000 0.999580
2 0.000446 0.000000 0.999554
0 0.905022 0.000000 0.094978
0 0.926037 0.000000 0.073963
2 0.042692 0.000000 0.957308
2 0.028649 0.000000 0.971351
0 0.978962 0.000000 0.021038
0 0.975571 0.000000 0.024429
2 0.039007 0.000000 0.960993
2 0.032016 0.000000 0.967984
2 0.046512 0.000000 0.953488
2 0.042207 0.000000 0.957793
2 0.032119 0.000000 0.967881
2 0.039330 0.000000 0.960670
2 0.040302 0.000000 0.959698
2 0.034710 0.000000 0.965290
2 0.000405 0.000000 0.999595
2 0.000362 0.000000 0.999638
2 0.001304 0.000000 0.998696
2 0.038271 0.000000 0.961729
0 0.972349 0.000000 0.027651
0 0.976421 0.000000 0.023579
2 0.000321 0.000000 0.999679
2 0.000318 0.000000 0.999682
2 0.000393 0.000000 0.999607
2 0.000375 0.000000 0.999625
0 0.965743 0.000000 0.034257
0 0.921580 0.000000 0.078420
0 0.982340 0.000000 0.017660
2 0.001111 0.000000 0.998889
0 0.997501 0.000000 0.002499
0 0.999186 0.000000 0.000814
0 0.993324 0.000000 0.006676
0 0.994324 0.000000 0.005676
2 0.022373 0.000000 0.977627
2 0.016900 0.000000 0.983100
0 0.988868 0.000000 0.011132
0 0.987818 0.000000 0.012182
0 0.917994 0.000000 0.082006
0 0.916786 0.000000 0.083214
0 0.915369 0.000000 0.084631
0 0.894256 0.000000 0.105744
0 0.977039 0.000000 0.022961
0 0.979791 0.000000 0.020209
0 0.999089 0.000000 0.000911
0 0.999094 0.000000 0.000906
2 0.025026 0.000000 0.974974
2 0.010166 0.000000 0.989834
2 0.020355 0.000000 0.979645
2 0.021618 0.000000 0.978382
2 0.022317 0.000000 0.977683
2 0.020595 0.000000 0.979405
2 0.015395 0.000000 0.984605
2 0.007887 0.000000 0.992113
2 0.067166 0.000000 0.932834
2 0.051366 0.000000 0.948634
2 0.041045 0.000000 0.958955
2 0.027502 0.000000 0.972498
0 0.891934 0.000000 0.108066
0 0.878390 0.000000 0.121610
0 0.994058 0.000000 0.005942
0 0.996043 0.000000 0.003957
2 0.000406 0.000000 0.999594
2 0.000374 0.000000 0.999626
2 0.010314 0.000000 0.989686
2 0.000331 0.000000 0.999669
0 0.995419 0.000000 0.004581
0 0.997263 0.000000 0.002737
0 0.987074 0.000000 0.012926
0 0.997094 0.000000 0.002906
0 0.998578 0.000000 0.001422
0 0.999067 0.000000 0.000933
2 0.020013 0.000000 0.979987
2 0.053645 0.000000 0.946355
0 0.998920 0.000000 0.001080
0 0.999262 0.000000 0.000738
2 0.016924 0.000000 0.983076
2 0.017155 0.000000 0.982845
2 0.046754 0.000000 0.953246
2 0.030055 0.000000 0.969945
0 0.996271 0.000000 0.003729
0 0.999231 0.000000 0.000769
0 0.994181 0.000000 0.005819
0 0.995712 0.000000 0.004288
0 0.977336 0.000000 0.022664
0 0.976970 0.000000 0.023030
0 0.937218 0.000000 0.062782
0 0.976331 0.000000 0.023669
0 0.998986 0.000000 0.001014
0 0.977874 0.000000 0.022126
0 0.999136 0.000000 0.000864
0 0.997690 0.000000 0.002310
0 0.906112 0.000000 0.093888
0 0.962910 0.000000 0.037090
0 0.991561 0.000000 0.008439
0 0.997752 0.000000 0.002248
0 0.988664 0.000000 0.011336
0 0.995531 0.000000 0.004469
0 0.994954 0.000000 0.005046
0 0.997607 0.000000 0.002393
2 0.040626 0.000000 0.959374
2 0.030457 0.000000 0.969543
2 0.000352 0.000000 0.999648
2 0.000338 0.000000 0.999662
2 0.044602 0.000000 0.955398
2 0.030999 0.000000 0.969001
2 0.022341 0.000000 0.977659
2 0.025677 0.000000 0.974323
2 0.024355 0.000000 0.975645
2 0.000346 0.000000 0.999654
0 0.992341 0.000000 0.007659
0 0.996953 0.000000 0.003047
0 0.998819 0.000000 0.001181
0 0.998865 0.000000 0.001135
2 0.037510 0.000000 0.962490
2 0.027566 0.000000 0.972434
2 0.022868 0.000000 0.977132
2 0.007479 0.000000 0.992521
2 0.026051 0.000000 0.973949
2 0.000322 0.000000 0.999678
2 0.015645 0.000000 0.984355
2 0.000333 0.000000 0.999667
2 0.006409 0.000000 0.993591
2 0.000382 0.000000 0.999618
2 0.028628 0.000000 0.971372
2 0.025986 0.000000 0.974014
2 0.020631 0.000000 0.979369
2 0.017403 0.000000 0.982597
0 0.857276 0.000000 0.142724
0 0.902824 0.000000 0.097176
0 0.998996 0.000000 0.001004
0 0.975120 0.000000 0.024880
2 0.027449 0.000000 0.972551
2 0.018144 0.000000 0.981856
0 0.999078 0.000000 0.000922
0 0.999137 0.000000 0.000863
0 0.999108 0.000000 0.000892
0 0.972933 0.000000 0.027067
2 0.036836 0.000000 0.963164
2 0.039247 0.000000 0.960753
2 0.002114 0.000000 0.997886
2 0.000333 0.000000 0.999667
0 0.971818 0.000000 0.028182
0 0.979577 0.000000 0.020423
2 0.015164 0.000000 0.984836
2 0.000333 0.000000 0.999667
2 0.052189 0.000000 0.947811
2 0.053769 0.000000 0.946231
2 0.000345 0.000000 0.999655
2 0.000346 0.000000 0.999654
2 0.026770 0.000000 0.973230
2 0.009961 0.000000 0.990039
0 0.928471 0.000000 0.071529
0 0.963040 0.000000 0.036960
0 0.910672 0.000000 0.089328
0 0.958956 0.000000 0.041044
0 0.985095 0.000000 0.014905
0 0.986044 0.000000 0.013956
2 0.030893 0.000000 0.969107
2 0.019418 0.000000 0.980582
0 0.953126 0.000000 0.046874
0 0.984061 0.000000 0.015939
2 0.010215 0.000000 0.989785
2 0.005269 0.000000 0.994731
2 0.000319 0.000000 0.999681
2 0.000322 0.000000 0.999678
0 0.987292 0.000000 0.012708
0 0.995979 0.000000 0.004021
0 0.975084 0.000000 0.024916
0 0.967637 0.000000 0.032363
2 0.008910 0.000000 0.991090
2 0.012120 0.000000 0.987880
2 0.042147 0.000000 0.957853
2 0.014672 0.000000 0.985328
2 0.014828 0.000000 0.985172
2 0.009705 0.000000 0.990295
0 0.998994 0.000000 0.001006
0 0.999061 0.000000 0.000939
0 0.978464 0.000000 0.021536
0 0.992092 0.000000 0.007908
0 0.974340 0.000000 0.025660
0 0.989571 0.000000 0.010429
0 0.999167 0.000000 0.000833
0 0.997370 0.000000 0.002630
0 0.993595 0.000000 0.006405
0 0.992111 0.000000 0.007889
0 0.991189 0.000000 0.008811
0 0.992470 0.000000 0.007530
0 0.992322 0.000000 0.007678
0 0.999172 0.000000 0.000828
2 0.025710 0.000000 0.974290
2 0.024279 0.000000 0.975721
0 0.998158 0.000000 0.001842
0 0.998801 0.000000 0.001199
0 0.933952 0.000000 0.066048
0 0.945342 0.000000 0.054658
0 0.997847 0.000000 0.002153
0 0.999038 0.000000 0.000962
0 0.996135 0.000000 0.003865
0 0.912501 0.000000 0.087499
2 0.041402 0.000000 0.958598
2 0.034372 0.000000 0.965628
0 0.999201 0.000000 0.000799
0 0.998024 0.000000 0.001976
2 0.000375 0.000000 0.999625
2 0.024512 0.000000 0.975488
2 0.069012 0.000000 0.930988
2 0.064173 0.000000 0.935827
2 0.005817 0.000000 0.994183
2 0.000380 0.000000 0.999620
2 0.024192 0.000000 0.975808
2 0.014455 0.000000 0.985545
0 0.991168 0.000000 0.008832
0 0.998089 0.000000 0.001911
0 0.982457 0.000000 0.017543
0 0.988555 0.000000 0.011445
2 0.000476 0.000000 0.999524
2 0.000417 0.000000 0.999583
0 0.985684 0.000000 0.014316
0 0.967742 0.000000 0.032258
2 0.017237 0.000000 0.982763
2 0.020720 0.000000 0.979280
2 0.035085 0.000000 0.964915
2 0.043937 0.000000 0.956063
2 0.012251 0.000000 0.987749
2 0.000308 0.000000 0.999692
0 0.955707 0.000000 0.044293
0 0.959066 0.000000 0.040934
0 0.999226 0.000000 0.000774
0 0.998250 0.000000 0.001750
2 0.058557 0.000000 0.941443
2 0.097241 0.000000 0.902759
0 0.999090 0.000000 0.000910
0 0.999034 0.000000 0.000966
0 0.999024 0.000000 0.000976
0 0.998264 0.000000 0.001736
0 0.972779 0.000000 0.027221
0 0.972412 0.000000 0.027588
0 0.997849 0.000000 0.002151
