2 0.000137 0.002158 0.997705
1 0.198195 0.658995 0.142810
2 0.000174 0.002828 0.996998
2 0.004348 0.034565 0.961087
2 0.000932 0.015299 0.983769
1 0.015446 0.635417 0.349136
2 0.187547 0.306954 0.505499
2 0.029084 0.096810 0.874106
2 0.001188 0.022663 0.976149
2 0.004937 0.055934 0.939130
2 0.008856 0.236274 0.754870
2 0.002465 0.084632 0.912903
2 0.026037 0.252143 0.721821
2 0.000155 0.001596 0.998249
2 0.003993 0.018488 0.977519
2 0.000067 0.002920 0.997012
2 0.000639 0.015540 0.983821
2 0.000456 0.003161 0.996383
2 0.001030 0.008424 0.990545
2 0.000074 0.004792 0.995134
2 0.000089 0.000641 0.999270
2 0.015384 0.227250 0.757366
2 0.000979 0.012551 0.986471
2 0.015266 0.281068 0.703666
1 0.009352 0.895087 0.095561
2 0.000276 0.003565 0.996160
2 0.024774 0.351189 0.624037
2 0.000235 0.001525 0.998240
2 0.000308 0.005027 0.994666
2 0.003102 0.041075 0.955823
2 0.000028 0.000387 0.999585
2 0.000376 0.003103 0.996521
2 0.000829 0.006281 0.992891
1 0.003975 0.978638 0.017386
0 0.992326 0.007462 0.000211
0 0.991846 0.007089 0.001065
0 0.859408 0.131187 0.009406
0 0.994392 0.005336 0.000273
0 0.925093 0.071488 0.003418
0 0.989942 0.009741 0.000318
0 0.882880 0.083859 0.033261
0 0.852462 0.143788 0.003750
1 0.002270 0.981190 0.016539
0 0.512025 0.447555 0.040419
0 0.796950 0.195263 0.007787
0 0.957563 0.042107 0.000330
0 0.759543 0.209181 0.031275
0 0.999121 0.000820 0.000059
0 0.996853 0.003065 0.000083
0 0.928754 0.059338 0.011909
0 0.977871 0.020665 0.001464
0 0.987051 0.011669 0.001280
0 0.994284 0.005421 0.000295
0 0.986027 0.013741 0.000232
0 0.998741 0.001211 0.000048
0 0.992841 0.006119 0.001040
0 0.998253 0.001703 0.000044
0 0.618170 0.369061 0.012769
1 0.368733 0.501784 0.129483
0 0.989092 0.010577 0.000331
1 0.111744 0.873024 0.015233
0 0.998418 0.001500 0.000082
0 0.998844 0.001129 0.000026
0 0.997061 0.002781 0.000158
0 0.940692 0.055539 0.003769
0 0.999761 0.000204 0.000035
0 0.991680 0.008106 0.000214
0 0.941725 0.054157 0.004117
1 0.262486 0.623431 0.114084
1 0.134952 0.695438 0.169610
1 0.003817 0.993143 0.003039
1 0.090518 0.906975 0.002507
1 0.060519 0.900215 0.039267
1 0.017866 0.874116 0.108018
1 0.001727 0.993768 0.004504
1 0.019260 0.947736 0.033004
1 0.000364 0.999373 0.000263
1 0.035655 0.901036 0.063309
1 0.024826 0.898955 0.076219
1 0.003308 0.991480 0.005212
1 0.285660 0.537759 0.176580
1 0.019260 0.947736 0.033004
2 0.000176 0.008221 0.991603
0 0.999459 0.000410 0.000131
2 0.000093 0.004039 0.995867
2 0.000261 0.000295 0.999443
1 0.017824 0.597072 0.385104
0 0.993059 0.006358 0.000584
2 0.001733 0.082541 0.915725
2 0.000058 0.000145 0.999797
0 0.955650 0.043454 0.000896
0 0.807396 0.189536 0.003068
0 0.990786 0.008221 0.000993
2 0.001640 0.006006 0.992353
2 0.000539 0.002267 0.997194
0 0.460212 0.424023 0.115764
2 0.005188 0.023268 0.971544
2 0.000097 0.000407 0.999496
2 0.001929 0.017766 0.980305
0 0.996934 0.002699 0.000367
2 0.000109 0.001051 0.998840
2 0.000045 0.000507 0.999448
2 0.000087 0.001607 0.998306
0 0.997966 0.001962 0.000072
0 0.999588 0.000231 0.000180
2 0.000628 0.004707 0.994665
0 0.975923 0.022975 0.001102
0 0.998057 0.001842 0.000101
0 0.986632 0.012094 0.001274
0 0.967767 0.029560 0.002673
1 0.255159 0.654064 0.090777
2 0.000116 0.001093 0.998790
0 0.681551 0.204457 0.113992
2 0.000056 0.000640 0.999304
0 0.999730 0.000203 0.000067
0 0.940514 0.054223 0.005263
2 0.000028 0.000190 0.999781
0 0.986389 0.012850 0.000760
0 0.994488 0.005057 0.000455
0 0.996240 0.003539 0.000221
0 0.991013 0.006514 0.002473
0 0.949401 0.041063 0.009536
2 0.000776 0.085290 0.913934
2 0.000295 0.002050 0.997654
2 0.000825 0.002443 0.996732
2 0.000238 0.000460 0.999301
2 0.001263 0.275492 0.723244
0 0.993292 0.004923 0.001785
0 0.937422 0.059005 0.003573
2 0.001215 0.011590 0.987195
2 0.000079 0.000751 0.999170
0 0.992871 0.005521 0.001608
2 0.000110 0.000289 0.999602
2 0.000086 0.000339 0.999576
0 0.819852 0.177868 0.002279
2 0.000412 0.009069 0.990518
0 0.997343 0.002224 0.000433
0 0.928539 0.068693 0.002768
0 0.592056 0.228879 0.179065
2 0.000831 0.008810 0.990359
2 0.000044 0.000893 0.999063
2 0.000152 0.001854 0.997994
0 0.996460 0.002075 0.001465
0 0.991965 0.005631 0.002405
2 0.000217 0.025295 0.974488
1 0.003291 0.848108 0.148601
2 0.000604 0.003644 0.995751
0 0.999438 0.000320 0.000243
0 0.999835 0.000081 0.000084
0 0.994917 0.001774 0.003308
0 0.999865 0.000057 0.000078
2 0.000085 0.000445 0.999471
2 0.000054 0.001156 0.998790
0 0.965937 0.032498 0.001565
0 0.833427 0.127264 0.039309
2 0.000030 0.000119 0.999851
0 0.999656 0.000307 0.000037
2 0.000391 0.003782 0.995827
2 0.000138 0.000904 0.998959
2 0.000823 0.061839 0.937338
0 0.996464 0.003003 0.000533
0 0.990084 0.005894 0.004022
0 0.999632 0.000275 0.000093
2 0.000921 0.010888 0.988192
1 0.167884 0.776680 0.055437
2 0.000192 0.000162 0.999646
2 0.000812 0.004147 0.995040
0 0.991382 0.007034 0.001584
2 0.000371 0.006401 0.993228
0 0.999847 0.000109 0.000043
0 0.955073 0.042701 0.002226
0 0.721560 0.274110 0.004330
2 0.000587 0.011393 0.988020
2 0.000240 0.001056 0.998704
0 0.999868 0.000037 0.000095
0 0.746334 0.153922 0.099744
0 0.999018 0.000585 0.000397
2 0.000117 0.000470 0.999413
0 0.967084 0.026971 0.005945
0 0.969334 0.029455 0.001211
2 0.000308 0.006219 0.993473
2 0.000325 0.002260 0.997415
2 0.000720 0.014215 0.985065
0 0.995271 0.003866 0.000863
2 0.000186 0.000310 0.999504
2 0.000271 0.001235 0.998494
2 0.000049 0.000486 0.999464
0 0.997093 0.002658 0.000249
2 0.000189 0.000313 0.999498
0 0.998760 0.000959 0.000281
0 0.978102 0.018848 0.003050
2 0.002293 0.008124 0.989583
2 0.000336 0.000567 0.999097
2 0.000079 0.000507 0.999414
2 0.000134 0.001526 0.998339
0 0.803215 0.180406 0.016379
0 0.889392 0.106112 0.004496
0 0.986346 0.006609 0.007046
2 0.000464 0.001949 0.997587
0 0.993133 0.005570 0.001297
0 0.998448 0.000447 0.001104
0 0.947073 0.052073 0.000854
0 0.998549 0.001368 0.000083
0 0.992336 0.004711 0.002953
0 0.999633 0.000331 0.000036
2 0.013963 0.117733 0.868304
0 0.850516 0.139956 0.009528
2 0.000116 0.003544 0.996340
2 0.000051 0.000504 0.999445
2 0.000155 0.002523 0.997321
0 0.912563 0.060596 0.026841
0 0.953593 0.042710 0.003697
0 0.975041 0.022963 0.001996
0 0.997089 0.002576 0.000335
0 0.998497 0.001198 0.000305
0 0.994363 0.004944 0.000693
1 0.276313 0.517532 0.206156
0 0.999659 0.000193 0.000147
0 0.963696 0.002013 0.034292
2 0.000152 0.001548 0.998300
2 0.000092 0.000516 0.999392
0 0.999579 0.000263 0.000158
0 0.989379 0.010268 0.000353
0 0.982802 0.016705 0.000494
0 0.996073 0.002678 0.001249
2 0.003768 0.023460 0.972771
0 0.979397 0.011546 0.009057
1 0.158664 0.701354 0.139982
1 0.327038 0.652248 0.020714
0 0.946016 0.051572 0.002412
2 0.000071 0.000321 0.999608
2 0.002219 0.013827 0.983954
0 0.997002 0.002853 0.000146
2 0.000070 0.001163 0.998768
2 0.000044 0.000215 0.999741
0 0.999537 0.000393 0.000070
0 0.998244 0.001557 0.000199
0 0.902567 0.082613 0.014820
0 0.997791 0.001366 0.000843
2 0.000586 0.003012 0.996402
2 0.000232 0.002097 0.997671
0 0.990395 0.009324 0.000282
2 0.001141 0.031891 0.966968
0 0.965112 0.033856 0.001032
0 0.975314 0.023839 0.000847
0 0.930401 0.067990 0.001610
0 0.999710 0.000127 0.000163
0 0.991848 0.008072 0.000081
2 0.000130 0.001269 0.998601
0 0.998654 0.000295 0.001051
2 0.000056 0.000937 0.999006
2 0.000063 0.000515 0.999422
0 0.999304 0.000588 0.000109
0 0.848201 0.148660 0.003139
0 0.980633 0.018727 0.000640
0 0.999327 0.000432 0.000241
2 0.000419 0.007060 0.992521
0 0.973131 0.025382 0.001487
0 0.999732 0.000173 0.000094
2 0.000074 0.001194 0.998732
2 0.000349 0.004441 0.995210
0 0.999707 0.000105 0.000188
0 0.989826 0.008225 0.001949
0 0.925282 0.032390 0.042328
2 0.000224 0.002000 0.997776
0 0.998692 0.001250 0.000058
2 0.000044 0.000337 0.999620
0 0.799066 0.181035 0.019899
0 0.999514 0.000402 0.000084
0 0.999794 0.000150 0.000056
0 0.956851 0.035538 0.007611
0 0.999224 0.000648 0.000128
2 0.000150 0.000448 0.999402
2 0.000145 0.002532 0.997323
2 0.000298 0.001423 0.998279
2 0.000074 0.000260 0.999666
0 0.982071 0.015649 0.002280
0 0.986878 0.011351 0.001771
1 0.003152 0.915844 0.081004
0 0.975536 0.022325 0.002139
2 0.000058 0.001376 0.998566
0 0.999846 0.000108 0.000047
0 0.848027 0.089420 0.062553
2 0.000098 0.002722 0.997180
2 0.000666 0.002864 0.996470
2 0.000099 0.000195 0.999706
0 0.915396 0.083571 0.001033
0 0.874882 0.123238 0.001880
0 0.996921 0.002506 0.000573
0 0.999268 0.000535 0.000196
2 0.000227 0.021479 0.978293
2 0.000059 0.000454 0.999487
0 0.997904 0.000872 0.001224
0 0.998524 0.001011 0.000465
0 0.456674 0.440989 0.102337
2 0.000236 0.200185 0.799579
2 0.000087 0.003271 0.996642
2 0.000060 0.000269 0.999671
2 0.000531 0.002675 0.996794
0 0.999673 0.000247 0.000080
2 0.000202 0.019195 0.980603
2 0.000240 0.082325 0.917435
0 0.915791 0.081245 0.002964
0 0.991414 0.007805 0.000781
2 0.000180 0.000345 0.999475
2 0.000047 0.000326 0.999627
0 0.997782 0.001898 0.000320
0 0.995400 0.004036 0.000564
0 0.999466 0.000355 0.000178
0 0.916527 0.081751 0.001722
2 0.000139 0.000412 0.999448
0 0.791768 0.201825 0.006408
0 0.931596 0.066835 0.001569
0 0.990026 0.009104 0.000869
2 0.000159 0.004363 0.995478
0 0.833302 0.162351 0.004347
0 0.949514 0.046628 0.003859
2 0.000477 0.010373 0.989150
0 0.977235 0.020744 0.002021
2 0.000325 0.000676 0.998999
2 0.000100 0.005813 0.994087
2 0.000350 0.003982 0.995667
0 0.976462 0.023061 0.000477
0 0.999410 0.000520 0.000069
0 0.976789 0.014442 0.008768
0 0.986611 0.010026 0.003363
0 0.996544 0.001178 0.002278
0 0.999879 0.000046 0.000075
0 0.994745 0.005152 0.000103
0 0.998669 0.000768 0.000563
2 0.000893 0.111649 0.887457
0 0.953229 0.044253 0.002518
2 0.018765 0.046534 0.934701
0 0.985081 0.011482 0.003437
0 0.850148 0.145124 0.004727
2 0.000176 0.001361 0.998463
2 0.001884 0.003720 0.994396
0 0.995468 0.004229 0.000303
2 0.000069 0.002168 0.997763
2 0.002169 0.012490 0.985340
0 0.995608 0.003931 0.000461
0 0.999027 0.000475 0.000497
2 0.000115 0.014514 0.985371
0 0.790566 0.187976 0.021458
2 0.000114 0.000118 0.999769
0 0.999767 0.000151 0.000081
1 0.187387 0.615241 0.197371
2 0.004036 0.006627 0.989336
2 0.001035 0.003414 0.995551
2 0.000114 0.000572 0.999314
0 0.983002 0.014593 0.002406
2 0.004039 0.018324 0.977636
2 0.000132 0.002302 0.997566
0 0.995592 0.003075 0.001334
0 0.994419 0.005245 0.000336
2 0.000052 0.001369 0.998579
0 0.998450 0.001057 0.000493
1 0.072140 0.807290 0.120570
2 0.000112 0.000443 0.999445
1 0.013155 0.901159 0.085686
0 0.990073 0.008775 0.001153
2 0.000721 0.002394 0.996884
0 0.970690 0.024861 0.004450
2 0.000241 0.000894 0.998865
2 0.002835 0.012944 0.984220
0 0.996868 0.002511 0.000621
0 0.963204 0.006769 0.030027
0 0.974807 0.024765 0.000428
2 0.000057 0.000672 0.999271
2 0.000167 0.003067 0.996766
2 0.003431 0.214240 0.782329
2 0.010739 0.384727 0.604534
0 0.996353 0.002400 0.001247
2 0.000040 0.000257 0.999703
0 0.986209 0.011715 0.002077
2 0.000144 0.000230 0.999626
0 0.992974 0.006773 0.000254
2 0.000517 0.000761 0.998721
2 0.000685 0.138429 0.860885
0 0.999290 0.000652 0.000057
0 0.951197 0.047007 0.001797
2 0.000166 0.001414 0.998420
0 0.983606 0.015599 0.000795
0 0.975743 0.023672 0.000586
1 0.000961 0.776378 0.222661
2 0.000195 0.000389 0.999415
2 0.020018 0.012873 0.967109
0 0.797334 0.152803 0.049863
0 0.977280 0.000707 0.022012
0 0.962701 0.035284 0.002015
2 0.011670 0.013045 0.975285
2 0.000042 0.000392 0.999566
2 0.000202 0.003641 0.996157
2 0.000078 0.000132 0.999790
2 0.000127 0.000108 0.999766
0 0.994133 0.003750 0.002117
2 0.000068 0.000453 0.999479
0 0.996297 0.002757 0.000945
2 0.000037 0.000206 0.999757
0 0.683673 0.182837 0.133491
2 0.000504 0.152182 0.847314
0 0.981542 0.018046 0.000412
0 0.993026 0.006426 0.000547
2 0.000282 0.005443 0.994275
0 0.999063 0.000692 0.000245
0 0.994936 0.004029 0.001035
0 0.994224 0.005060 0.000716
0 0.999114 0.000837 0.000049
2 0.000029 0.000471 0.999500
0 0.999722 0.000220 0.000058
2 0.000175 0.000488 0.999337
2 0.000650 0.005626 0.993723
2 0.000038 0.000171 0.999790
2 0.001315 0.072317 0.926367
0 0.993841 0.005845 0.000314
2 0.000073 0.000147 0.999780
2 0.000163 0.002487 0.997350
0 0.997588 0.001971 0.000441
0 0.998458 0.001413 0.000130
0 0.990726 0.008568 0.000705
0 0.997527 0.002370 0.000102
0 0.990855 0.005305 0.003840
0 0.999468 0.000485 0.000047
2 0.000034 0.000338 0.999627
2 0.000363 0.002928 0.996709
0 0.987562 0.011372 0.001065
0 0.994996 0.004091 0.000913
0 0.976264 0.021847 0.001889
2 0.000068 0.000851 0.999081
0 0.975380 0.017040 0.007580
0 0.999239 0.000614 0.000148
2 0.000053 0.000274 0.999674
0 0.929842 0.062287 0.007871
0 0.969200 0.030082 0.000718
0 0.718027 0.134692 0.147281
2 0.000098 0.001224 0.998677
2 0.000018 0.000171 0.999811
2 0.000029 0.001010 0.998961
2 0.000126 0.000278 0.999595
0 0.982508 0.016704 0.000788
0 0.995640 0.003642 0.000717
2 0.000132 0.000454 0.999413
2 0.000067 0.000324 0.999609
2 0.000196 0.000316 0.999488
2 0.000177 0.000740 0.999082
2 0.000058 0.001937 0.998005
0 0.995288 0.004329 0.000383
0 0.921576 0.077381 0.001043
2 0.000116 0.001897 0.997988
0 0.999733 0.000213 0.000054
0 0.984420 0.014735 0.000845
0 0.985934 0.011077 0.002989
0 0.981889 0.016095 0.002016
0 0.943245 0.056033 0.000722
2 0.002305 0.008151 0.989544
2 0.000178 0.007753 0.992069
2 0.001862 0.011915 0.986222
2 0.000152 0.001689 0.998160
0 0.998128 0.001504 0.000368
0 0.993721 0.004946 0.001333
2 0.000168 0.000411 0.999421
0 0.988342 0.006685 0.004973
2 0.000117 0.000503 0.999380
0 0.996011 0.003051 0.000937
0 0.998544 0.000942 0.000514
0 0.986171 0.010446 0.003383
0 0.997420 0.002480 0.000100
0 0.928665 0.070217 0.001118
2 0.000023 0.000420 0.999557
0 0.994759 0.004019 0.001222
2 0.000196 0.001203 0.998600
2 0.000054 0.000497 0.999448
0 0.997144 0.001357 0.001499
0 0.988651 0.011074 0.000275
2 0.000927 0.013060 0.986013
2 0.000134 0.000283 0.999583
0 0.998863 0.000885 0.000251
2 0.000174 0.001140 0.998686
2 0.000276 0.001200 0.998524
0 0.974634 0.021280 0.004086
2 0.000025 0.000149 0.999825
2 0.000131 0.000538 0.999331
2 0.000159 0.005563 0.994278
2 0.000219 0.007955 0.991826
0 0.999835 0.000127 0.000038
0 0.997834 0.001761 0.000405
2 0.000098 0.000212 0.999690
0 0.978892 0.020421 0.000687
0 0.952819 0.042002 0.005178
0 0.969605 0.028448 0.001947
0 0.994502 0.005307 0.000191
2 0.001184 0.003841 0.994975
2 0.000121 0.000974 0.998905
2 0.000106 0.000279 0.999614
2 0.000194 0.000852 0.998954
0 0.969301 0.022077 0.008622
0 0.993039 0.006051 0.000911
2 0.000205 0.036000 0.963795
2 0.003358 0.348129 0.648513
2 0.000077 0.000632 0.999292
0 0.999446 0.000408 0.000146
2 0.002416 0.010378 0.987206
2 0.000098 0.000194 0.999708
2 0.004057 0.374114 0.621829
2 0.000604 0.011529 0.987867
2 0.000101 0.000819 0.999080
0 0.999612 0.000299 0.000090
0 0.990436 0.008643 0.000921
0 0.999195 0.000138 0.000668
2 0.000325 0.041961 0.957714
2 0.004375 0.005229 0.990396
2 0.000405 0.001420 0.998175
2 0.000093 0.000582 0.999324
0 0.997427 0.002467 0.000106
2 0.000050 0.000094 0.999856
2 0.000192 0.000485 0.999323
0 0.999412 0.000428 0.000160
1 0.085613 0.765735 0.148651
0 0.879720 0.117862 0.002418
2 0.000735 0.001252 0.998012
0 0.998565 0.001235 0.000201
0 0.953635 0.022571 0.023794
0 0.997702 0.001994 0.000304
0 0.999243 0.000661 0.000096
0 0.990718 0.008220 0.001062
2 0.000158 0.000141 0.999701
0 0.995849 0.003194 0.000957
2 0.000060 0.000196 0.999744
0 0.995838 0.003956 0.000206
0 0.997256 0.002462 0.000282
2 0.001404 0.021118 0.977478
0 0.994976 0.004813 0.000211
0 0.754336 0.195611 0.050053
2 0.000222 0.000826 0.998952
2 0.000465 0.005513 0.994022
2 0.000168 0.000220 0.999612
2 0.000716 0.003254 0.996029
2 0.000029 0.000360 0.999611
0 0.962605 0.031831 0.005564
2 0.000402 0.003237 0.996361
0 0.999813 0.000126 0.000061
2 0.000124 0.000149 0.999728
2 0.000073 0.000406 0.999521
0 0.932195 0.063669 0.004136
2 0.000035 0.000141 0.999824
0 0.999280 0.000453 0.000267
0 0.999678 0.000176 0.000147
0 0.975574 0.022236 0.002190
2 0.003037 0.002988 0.993975
2 0.000043 0.000227 0.999729
0 0.946274 0.051686 0.002039
0 0.989273 0.010179 0.000548
0 0.998819 0.001136 0.000045
2 0.000682 0.002746 0.996571
2 0.000176 0.027570 0.972254
2 0.000214 0.002204 0.997582
0 0.979144 0.018704 0.002152
0 0.998971 0.000526 0.000502
0 0.999877 0.000076 0.000047
0 0.997372 0.002168 0.000460
2 0.000119 0.000649 0.999232
0 0.999718 0.000110 0.000172
2 0.000067 0.006923 0.993011
2 0.000067 0.000339 0.999595
2 0.000051 0.000349 0.999599
2 0.000103 0.000248 0.999649
0 0.993828 0.003420 0.002752
2 0.000143 0.003172 0.996684
2 0.039943 0.031385 0.928672
0 0.997905 0.001252 0.000843
1 0.003935 0.782028 0.214037
0 0.993658 0.005385 0.000957
0 0.985936 0.012969 0.001095
2 0.001423 0.077842 0.920735
2 0.000074 0.000429 0.999497
0 0.993620 0.006186 0.000194
0 0.999263 0.000464 0.000274
2 0.001706 0.200254 0.798040
0 0.999139 0.000476 0.000384
2 0.000108 0.000227 0.999664
2 0.000596 0.009448 0.989956
0 0.998884 0.000823 0.000293
1 0.089125 0.836261 0.074614
1 0.199124 0.706320 0.094556
1 0.010974 0.787906 0.201119
1 0.037715 0.830665 0.131619
1 0.041367 0.905271 0.053362
1 0.020148 0.961560 0.018292
1 0.016978 0.909895 0.073128
1 0.120558 0.821256 0.058186
1 0.045287 0.631878 0.322835
1 0.004943 0.951879 0.043177
1 0.022803 0.954329 0.022869
1 0.008487 0.920046 0.071467
1 0.008647 0.974749 0.016604
1 0.012992 0.968539 0.018469
1 0.025951 0.965147 0.008902
1 0.015776 0.873044 0.111179
1 0.012293 0.926690 0.061017
2 0.001743 0.293977 0.704280
1 0.028359 0.936957 0.034684
1 0.001206 0.992074 0.006720
1 0.002976 0.953337 0.043687
1 0.000888 0.991363 0.007750
1 0.115918 0.505118 0.378964
1 0.029150 0.960034 0.010816
1 0.025235 0.921259 0.053506
1 0.056026 0.498806 0.445168
1 0.001046 0.816842 0.182113
1 0.001806 0.993633 0.004561
1 0.120581 0.571604 0.307816
2 0.009837 0.475881 0.514282
1 0.098545 0.483047 0.418408
1 0.023093 0.936278 0.040630
1 0.167383 0.807701 0.024915
1 0.026134 0.689765 0.284101
1 0.016511 0.805561 0.177928
1 0.050527 0.910551 0.038921
1 0.007324 0.584126 0.408550
1 0.017397 0.815136 0.167466
1 0.038324 0.834978 0.126698
1 0.178793 0.751194 0.070013
1 0.034977 0.718737 0.246286
1 0.012528 0.850301 0.137171
1 0.002860 0.953123 0.044017
1 0.037407 0.939366 0.023226
1 0.018616 0.943650 0.037734
1 0.001618 0.734403 0.263979
1 0.021924 0.959091 0.018985
1 0.090353 0.831634 0.078013
1 0.206646 0.705872 0.087482
1 0.003013 0.841689 0.155298
1 0.023215 0.946439 0.030347
1 0.002824 0.842802 0.154374
1 0.170729 0.726639 0.102632
1 0.000210 0.955789 0.044001
1 0.066562 0.795731 0.137707
1 0.002021 0.918592 0.079387
1 0.004015 0.982379 0.013606
1 0.001498 0.883688 0.114814
1 0.327795 0.621879 0.050326
1 0.008485 0.952401 0.039114
1 0.006017 0.983584 0.010399
1 0.250031 0.715692 0.034278
1 0.076967 0.895358 0.027675
1 0.009316 0.985997 0.004687
1 0.010541 0.922980 0.066479
1 0.009714 0.786487 0.203799
1 0.022520 0.873365 0.104115
1 0.016086 0.865270 0.118644
1 0.182103 0.694216 0.123681
1 0.018482 0.920666 0.060852
1 0.031969 0.895073 0.072958
1 0.047206 0.899586 0.053208
1 0.001685 0.988823 0.009492
1 0.170567 0.734563 0.094870
2 0.211877 0.338034 0.450088
1 0.004048 0.874636 0.121316
1 0.068270 0.776409 0.155321
1 0.004075 0.932033 0.063892
1 0.016034 0.805536 0.178429
1 0.013546 0.933236 0.053217
1 0.069888 0.905653 0.024459
1 0.008160 0.953031 0.038809
1 0.004461 0.835208 0.160331
1 0.017627 0.967845 0.014528
1 0.034304 0.918444 0.047252
1 0.000493 0.992869 0.006638
1 0.044865 0.933110 0.022025
1 0.026889 0.846770 0.126341
1 0.005727 0.847775 0.146498
1 0.032352 0.806476 0.161172
1 0.002277 0.826605 0.171118
1 0.002026 0.983316 0.014658
1 0.358259 0.573257 0.068485
1 0.000732 0.976614 0.022654
1 0.032589 0.940993 0.026417
1 0.016383 0.959867 0.023750
1 0.010891 0.494937 0.494171
1 0.001270 0.983082 0.015648
1 0.076432 0.520025 0.403542
1 0.002728 0.961450 0.035823
1 0.257647 0.552252 0.190101
1 0.010073 0.949837 0.040090
1 0.002888 0.935930 0.061182
2 0.006192 0.432086 0.561722
1 0.002165 0.990808 0.007027
1 0.002186 0.948567 0.049247
1 0.008934 0.981016 0.010050
1 0.011485 0.962135 0.026380
1 0.041476 0.865011 0.093513
1 0.000477 0.946582 0.052942
1 0.190988 0.770458 0.038554
1 0.020077 0.952115 0.027807
1 0.012334 0.858617 0.129050
1 0.128441 0.850021 0.021538
1 0.040281 0.675194 0.284526
1 0.001259 0.962306 0.036436
1 0.001088 0.994515 0.004397
1 0.000827 0.908325 0.090849
1 0.005292 0.899027 0.095681
1 0.027563 0.813062 0.159375
1 0.064798 0.712210 0.222991
1 0.059323 0.910465 0.030211
1 0.023537 0.775406 0.201057
1 0.002382 0.964531 0.033088
1 0.029372 0.931893 0.038736
1 0.012444 0.616610 0.370946
1 0.038782 0.804084 0.157134
1 0.010967 0.980640 0.008392
1 0.017671 0.948207 0.034122
1 0.006631 0.891753 0.101616
1 0.108989 0.810516 0.080495
1 0.003211 0.974327 0.022462
1 0.018703 0.959753 0.021544
2 0.036071 0.214516 0.749413
1 0.005696 0.912085 0.082218
1 0.116892 0.751194 0.131914
1 0.004210 0.944280 0.051510
1 0.001566 0.809120 0.189314
1 0.001996 0.828659 0.169345
1 0.062917 0.902786 0.034297
1 0.112644 0.608635 0.278722
1 0.292794 0.568885 0.138322
1 0.007116 0.987387 0.005497
1 0.037617 0.824381 0.138002
1 0.022684 0.841583 0.135733
1 0.029658 0.963930 0.006411
1 0.380792 0.471055 0.148152
1 0.062566 0.835785 0.101649
1 0.137387 0.594301 0.268312
1 0.152141 0.726928 0.120932
1 0.064783 0.909415 0.025802
1 0.153810 0.645014 0.201176
1 0.006045 0.970229 0.023726
1 0.009230 0.850084 0.140686
1 0.175715 0.721997 0.102288
1 0.073778 0.914497 0.011726
1 0.009206 0.985404 0.005390
1 0.002244 0.979054 0.018702
1 0.028392 0.969319 0.002289
1 0.046667 0.914191 0.039142
1 0.086091 0.903503 0.010406
1 0.009507 0.774011 0.216481
1 0.038852 0.681857 0.279291
1 0.190070 0.711438 0.098492
1 0.305355 0.605662 0.088983
1 0.007279 0.983759 0.008962
1 0.009118 0.905042 0.085840
1 0.074633 0.892567 0.032799
1 0.002872 0.988946 0.008182
1 0.014768 0.809438 0.175794
2 0.112330 0.389474 0.498195
2 0.034766 0.425388 0.539846
1 0.001991 0.966050 0.031959
1 0.076857 0.543099 0.380044
1 0.001333 0.990194 0.008472
1 0.170373 0.669237 0.160391
1 0.001128 0.560526 0.438346
1 0.038676 0.927682 0.033641
1 0.008544 0.977342 0.014114
1 0.007171 0.933159 0.059670
1 0.002725 0.959702 0.037573
2 0.063485 0.465808 0.470707
1 0.019219 0.940778 0.040002
1 0.058870 0.842624 0.098506
1 0.003170 0.832363 0.164467
1 0.054742 0.831542 0.113717
1 0.068880 0.895822 0.035298
1 0.119995 0.861805 0.018201
1 0.005117 0.909348 0.085534
1 0.001689 0.951974 0.046337
1 0.039054 0.870223 0.090723
1 0.006975 0.965286 0.027739
1 0.012847 0.977649 0.009504
1 0.112644 0.608635 0.278722
1 0.006093 0.990968 0.002939
1 0.045794 0.769129 0.185077
1 0.000686 0.983354 0.015960
1 0.168747 0.808135 0.023118
1 0.001094 0.982818 0.016088
1 0.007104 0.900244 0.092651
1 0.018447 0.960328 0.021225
1 0.023371 0.964360 0.012269
1 0.143032 0.689044 0.167924
1 0.161494 0.817236 0.021270
1 0.001738 0.981170 0.017092
1 0.002728 0.760528 0.236743
1 0.035758 0.804776 0.159466
1 0.144457 0.557777 0.297766
1 0.019141 0.499742 0.481117
1 0.023914 0.863276 0.112811
1 0.003934 0.897806 0.098260
1 0.039560 0.600244 0.360197
1 0.016816 0.779762 0.203422
1 0.035363 0.943207 0.021430
1 0.001511 0.952658 0.045831
1 0.016934 0.959147 0.023919
1 0.016608 0.903033 0.080359
1 0.046610 0.913107 0.040283
1 0.032274 0.552690 0.415036
1 0.017602 0.969382 0.013016
1 0.079363 0.890006 0.030630
1 0.292794 0.568885 0.138322
1 0.004249 0.847330 0.148422
1 0.036278 0.506126 0.457595
1 0.002724 0.933218 0.064058
1 0.008278 0.961385 0.030337
1 0.002519 0.959757 0.037724
1 0.004720 0.987057 0.008224
1 0.023491 0.967829 0.008681
1 0.120920 0.644456 0.234624
1 0.019874 0.912881 0.067245
2 0.039385 0.402071 0.558544
1 0.003217 0.970004 0.026779
1 0.017046 0.883275 0.099679
1 0.149642 0.824813 0.025545
1 0.001830 0.967771 0.030398
1 0.002382 0.986953 0.010664
1 0.037398 0.957077 0.005525
1 0.088437 0.902792 0.008770
1 0.006622 0.878039 0.115339
1 0.025788 0.813745 0.160467
1 0.032386 0.924312 0.043302
1 0.101788 0.793977 0.104235
1 0.017153 0.757306 0.225541
1 0.245511 0.568023 0.186466
1 0.000799 0.980379 0.018822
1 0.002819 0.983158 0.014023
1 0.144457 0.557777 0.297766
1 0.010089 0.972854 0.017058
1 0.019506 0.968880 0.011614
1 0.067939 0.789077 0.142984
1 0.003862 0.926673 0.069466
2 0.036071 0.214516 0.749413
1 0.013870 0.671930 0.314200
1 0.010065 0.674335 0.315600
2 0.032568 0.144207 0.823225
1 0.009126 0.971818 0.019056
1 0.000271 0.976495 0.023234
1 0.025763 0.934779 0.039458
1 0.009345 0.981877 0.008779
1 0.265328 0.689596 0.045075
1 0.045256 0.837761 0.116983
1 0.161716 0.599139 0.239145
1 0.005171 0.978978 0.015850
1 0.007692 0.977546 0.014762
1 0.019179 0.941187 0.039634
1 0.245511 0.568023 0.186466
1 0.002604 0.981967 0.015429
1 0.244355 0.493100 0.262545
1 0.009159 0.981150 0.009692
1 0.049847 0.891005 0.059148
1 0.051713 0.618292 0.329995
1 0.141817 0.753907 0.104276
1 0.034766 0.873707 0.091527
1 0.088719 0.763668 0.147613
1 0.121691 0.812995 0.065315
1 0.016948 0.863626 0.119425
1 0.001440 0.992551 0.006009
1 0.074769 0.891255 0.033976
1 0.071704 0.906040 0.022255
1 0.036345 0.949841 0.013814
1 0.007043 0.850559 0.142398
1 0.033646 0.876295 0.090059
1 0.001140 0.968874 0.029986
1 0.015797 0.964907 0.019296
1 0.001994 0.988185 0.009821
1 0.020509 0.962077 0.017414
1 0.006516 0.855109 0.138375
1 0.119389 0.773461 0.107151
2 0.112330 0.389474 0.498195
1 0.121924 0.821423 0.056653
1 0.004436 0.972051 0.023513
1 0.173154 0.798267 0.028579
1 0.001783 0.983564 0.014653
1 0.008836 0.937935 0.053229
1 0.017054 0.937002 0.045944
1 0.010910 0.927372 0.061717
2 0.006410 0.419226 0.574364
2 0.018195 0.348613 0.633192
1 0.009375 0.956051 0.034574
2 0.122819 0.369212 0.507968
1 0.040265 0.922432 0.037303
1 0.074735 0.862998 0.062268
1 0.002289 0.991665 0.006046
1 0.015329 0.872122 0.112550
1 0.070233 0.883953 0.045814
1 0.019691 0.962979 0.017330
1 0.135346 0.582598 0.282056
1 0.004756 0.962583 0.032660
1 0.002075 0.609824 0.388101
1 0.203848 0.539623 0.256529
1 0.168984 0.802501 0.028515
1 0.010523 0.905218 0.084259
1 0.059448 0.770201 0.170351
1 0.008963 0.961554 0.029483
1 0.006687 0.849238 0.144075
1 0.015290 0.828057 0.156652
1 0.007679 0.976634 0.015687
1 0.258015 0.675921 0.066064
1 0.257647 0.552252 0.190101
1 0.002478 0.984481 0.013040
1 0.001720 0.961778 0.036501
1 0.031150 0.962763 0.006087
1 0.027821 0.848057 0.124122
1 0.004907 0.965489 0.029604
1 0.002451 0.989542 0.008007
1 0.001457 0.868879 0.129665
1 0.030249 0.916520 0.053231
2 0.079711 0.204682 0.715607
1 0.120921 0.458034 0.421045
1 0.012863 0.785342 0.201795
1 0.029744 0.943084 0.027172
1 0.076762 0.912082 0.011156
1 0.184415 0.791484 0.024101
1 0.157172 0.795010 0.047819
1 0.029050 0.754112 0.216838
1 0.227520 0.561006 0.211474
1 0.240547 0.712770 0.046683
1 0.032854 0.935278 0.031868
1 0.054318 0.917149 0.028533
1 0.041025 0.925480 0.033494
1 0.149601 0.806485 0.043915
1 0.007861 0.673825 0.318314
1 0.152518 0.837833 0.009648
1 0.006352 0.946420 0.047228
1 0.003818 0.983520 0.012663
1 0.067040 0.628041 0.304919
1 0.067780 0.529562 0.402658
1 0.000632 0.948327 0.051040
1 0.023606 0.931351 0.045043
1 0.041522 0.635440 0.323038
1 0.001695 0.914021 0.084284
2 0.051555 0.440282 0.508163
1 0.007324 0.584126 0.408550
1 0.006318 0.746458 0.247224
2 0.014981 0.167032 0.817987
1 0.305355 0.605662 0.088983
1 0.000912 0.974677 0.024411
1 0.051519 0.836603 0.111879
1 0.008370 0.903792 0.087838
1 0.014218 0.945758 0.040025
1 0.055906 0.927388 0.016705
1 0.000604 0.962963 0.036433
1 0.002199 0.994982 0.002819
1 0.075568 0.880348 0.044085
1 0.004513 0.872740 0.122747
2 0.006815 0.246474 0.746711
1 0.003346 0.930462 0.066192
1 0.007873 0.962798 0.029330
1 0.010469 0.746201 0.243330
1 0.130727 0.846393 0.022880
1 0.008847 0.774629 0.216523
1 0.153736 0.661854 0.184410
1 0.091963 0.744366 0.163670
1 0.002022 0.961935 0.036043
1 0.001704 0.550779 0.447517
1 0.004556 0.819395 0.176049
1 0.148388 0.831323 0.020289
1 0.028248 0.493901 0.477851
1 0.043862 0.800187 0.155951
1 0.004925 0.966529 0.028546
1 0.007656 0.804286 0.188058
1 0.005932 0.933644 0.060424
1 0.006906 0.986943 0.006151
1 0.172771 0.700367 0.126862
1 0.003233 0.988067 0.008699
1 0.000928 0.715299 0.283773
1 0.001721 0.990796 0.007483
1 0.170112 0.730661 0.099228
1 0.009714 0.927661 0.062625
1 0.003137 0.971725 0.025137
1 0.266794 0.701704 0.031502
1 0.182103 0.694216 0.123681
1 0.170729 0.726639 0.102632
1 0.001162 0.990624 0.008213
1 0.063679 0.915618 0.020703
1 0.001374 0.863791 0.134834
1 0.002006 0.856402 0.141591
1 0.000949 0.968812 0.030240
2 0.017036 0.419892 0.563073
1 0.003441 0.982957 0.013603
1 0.252626 0.704040 0.043334
1 0.003875 0.993717 0.002408
1 0.003111 0.987926 0.008964
1 0.014572 0.947229 0.038199
1 0.007833 0.937127 0.055040
1 0.002206 0.801156 0.196638
1 0.037990 0.832159 0.129851
1 0.015355 0.972938 0.011707
1 0.104007 0.570146 0.325847
1 0.004658 0.976885 0.018457
1 0.015963 0.944481 0.039556
1 0.020227 0.870453 0.109320
1 0.000821 0.917318 0.081862
1 0.064602 0.920054 0.015343
1 0.000799 0.985658 0.013542
1 0.002474 0.864480 0.133045
1 0.012729 0.882932 0.104340
1 0.020096 0.916612 0.063293
1 0.000835 0.993587 0.005578
1 0.019359 0.955360 0.025281
1 0.002546 0.953803 0.043652
2 0.200889 0.240372 0.558739
1 0.007087 0.963479 0.029434
1 0.015410 0.954353 0.030237
1 0.026134 0.689765 0.284101
1 0.000805 0.986853 0.012342
1 0.108112 0.871651 0.020237
1 0.002234 0.700326 0.297440
1 0.023715 0.850431 0.125855
1 0.242363 0.591083 0.166554
1 0.242398 0.750605 0.006996
1 0.010761 0.973302 0.015937
1 0.008546 0.936586 0.054869
2 0.010649 0.421405 0.567947
1 0.032352 0.806476 0.161172
1 0.001732 0.917690 0.080578
1 0.008278 0.961385 0.030337
1 0.027563 0.813062 0.159375
1 0.001890 0.975510 0.022600
1 0.047415 0.941059 0.011526
1 0.013514 0.930900 0.055586
1 0.076857 0.543099 0.380044
1 0.009166 0.969254 0.021580
1 0.005954 0.758072 0.235973
1 0.007644 0.669786 0.322569
1 0.041462 0.757488 0.201050
1 0.056443 0.904611 0.038946
1 0.016433 0.942485 0.041082
1 0.139947 0.650812 0.209240
1 0.006028 0.971356 0.022616
1 0.024277 0.664078 0.311646
1 0.167358 0.790076 0.042566
1 0.046197 0.515411 0.438392
1 0.102450 0.833142 0.064408
1 0.002455 0.929825 0.067720
1 0.001124 0.969505 0.029371
1 0.004364 0.960099 0.035536
1 0.013854 0.951362 0.034784
1 0.012799 0.779067 0.208134
1 0.001222 0.958277 0.040502
1 0.032585 0.929133 0.038282
1 0.005700 0.940911 0.053390
1 0.025233 0.933119 0.041648
1 0.035750 0.817140 0.147110
1 0.003229 0.940023 0.056748
1 0.031959 0.955160 0.012881
1 0.032854 0.935278 0.031868
1 0.023247 0.820209 0.156544
1 0.021180 0.849478 0.129342
1 0.080081 0.810213 0.109706
1 0.094671 0.827808 0.077521
2 0.146081 0.201274 0.652645
1 0.027170 0.771412 0.201418
1 0.006149 0.964588 0.029263
1 0.011506 0.951543 0.036951
1 0.034482 0.943592 0.021926
1 0.006158 0.816388 0.177454
1 0.009954 0.821279 0.168768
1 0.001429 0.991513 0.007058
1 0.023939 0.957336 0.018724
1 0.035110 0.911798 0.053093
0 0.424706 0.341863 0.233431
1 0.128819 0.858283 0.012898
1 0.416082 0.557601 0.026317
1 0.000762 0.985794 0.013444
1 0.026057 0.900600 0.073343
1 0.006562 0.903644 0.089794
1 0.002361 0.734339 0.263299
1 0.004041 0.861652 0.134307
1 0.001830 0.991261 0.006909
1 0.009712 0.952833 0.037455
1 0.003827 0.986090 0.010083
1 0.014227 0.951270 0.034503
1 0.015109 0.882982 0.101910
1 0.003899 0.989221 0.006881
1 0.009151 0.984419 0.006430
1 0.000604 0.990605 0.008791
1 0.054488 0.745565 0.199948
1 0.015221 0.853621 0.131157
2 0.000039 0.000475 0.999485
2 0.000024 0.000148 0.999828
0 0.999536 0.000412 0.000052
0 0.999747 0.000138 0.000115
1 0.207283 0.741927 0.050790
0 0.576090 0.399388 0.024522
0 0.998860 0.000824 0.000316
0 0.999404 0.000215 0.000381
0 0.993163 0.006002 0.000835
0 0.998177 0.001451 0.000372
0 0.772520 0.215475 0.012005
0 0.985148 0.008372 0.006480
2 0.000135 0.001085 0.998780
2 0.000103 0.000678 0.999220
2 0.000103 0.000216 0.999681
2 0.000961 0.000254 0.998785
0 0.990079 0.008784 0.001137
0 0.990540 0.005881 0.003579
2 0.000047 0.000744 0.999209
2 0.000210 0.001229 0.998561
0 0.988850 0.010583 0.000568
0 0.995836 0.003817 0.000347
0 0.999673 0.000247 0.000080
0 0.999694 0.000232 0.000074
0 0.994036 0.005756 0.000208
0 0.993241 0.005490 0.001269
0 0.977125 0.019431 0.003444
0 0.994094 0.005396 0.000510
2 0.001156 0.001061 0.997783
2 0.000350 0.000331 0.999319
0 0.927668 0.070069 0.002263
0 0.972483 0.024235 0.003282
2 0.000140 0.001024 0.998837
2 0.002557 0.000373 0.997070
0 0.996591 0.003283 0.000126
0 0.997915 0.001986 0.000099
2 0.000618 0.013288 0.986094
2 0.000050 0.000393 0.999556
0 0.952002 0.045522 0.002477
0 0.997285 0.001907 0.000808
2 0.000134 0.001629 0.998237
2 0.000090 0.000809 0.999102
0 0.997240 0.002669 0.000090
0 0.996706 0.003032 0.000262
0 0.986490 0.012990 0.000519
0 0.988845 0.009677 0.001478
2 0.000044 0.001725 0.998231
2 0.000036 0.001279 0.998686
2 0.000185 0.000758 0.999057
2 0.000098 0.001529 0.998372
2 0.000087 0.000626 0.999286
2 0.000063 0.000634 0.999304
1 0.415091 0.568720 0.016189
0 0.619186 0.342998 0.037816
2 0.002203 0.004756 0.993042
2 0.000491 0.001602 0.997907
2 0.000258 0.000420 0.999322
2 0.000127 0.000083 0.999790
2 0.000586 0.018494 0.980921
2 0.000079 0.002910 0.997011
0 0.984922 0.014449 0.000629
0 0.997771 0.001982 0.000246
2 0.000080 0.000651 0.999269
2 0.000129 0.002629 0.997242
0 0.936609 0.061359 0.002031
0 0.968408 0.028991 0.002601
2 0.000139 0.000641 0.999219
2 0.000750 0.001488 0.997762
2 0.000108 0.003747 0.996145
2 0.000035 0.000716 0.999249
2 0.000116 0.003544 0.996340
2 0.000059 0.001027 0.998913
2 0.000655 0.018127 0.981218
2 0.000542 0.001480 0.997978
2 0.000372 0.000367 0.999260
2 0.000202 0.000243 0.999556
2 0.005422 0.063296 0.931282
2 0.003536 0.078006 0.918458
1 0.007485 0.874753 0.117762
2 0.197484 0.163296 0.639220
2 0.000046 0.000272 0.999682
2 0.000024 0.000134 0.999842
2 0.000437 0.000575 0.998988
2 0.000543 0.000579 0.998878
0 0.974296 0.023459 0.002244
0 0.990155 0.009116 0.000729
0 0.998749 0.000893 0.000358
2 0.443077 0.014993 0.541930
0 0.999063 0.000692 0.000245
0 0.998522 0.000840 0.000638
0 0.999149 0.000473 0.000378
0 0.998264 0.000908 0.000828
2 0.000081 0.000693 0.999226
2 0.000052 0.000315 0.999633
0 0.997973 0.001939 0.000088
0 0.999311 0.000623 0.000066
0 0.984429 0.014562 0.001009
0 0.993928 0.004656 0.001416
1 0.436556 0.561604 0.001840
0 0.849152 0.141180 0.009667
0 0.998623 0.001269 0.000108
0 0.995820 0.003615 0.000564
0 0.999836 0.000089 0.000075
0 0.999800 0.000075 0.000125
2 0.054110 0.082117 0.863773
2 0.000700 0.001161 0.998139
2 0.000222 0.001416 0.998362
2 0.000101 0.000812 0.999087
2 0.000530 0.004728 0.994742
2 0.000092 0.002387 0.997521
2 0.000318 0.006208 0.993474
2 0.001257 0.009101 0.989641
2 0.000236 0.000897 0.998867
2 0.000189 0.000897 0.998915
2 0.000301 0.011980 0.987719
2 0.000135 0.002636 0.997229
0 0.791768 0.201825 0.006408
0 0.803822 0.185783 0.010395
0 0.994801 0.004208 0.000991
0 0.994411 0.002967 0.002622
2 0.000373 0.007079 0.992548
2 0.000087 0.002945 0.996968
2 0.000028 0.000400 0.999572
2 0.000068 0.000369 0.999562
0 0.981857 0.017659 0.000484
0 0.987637 0.011872 0.000491
0 0.984391 0.014870 0.000739
0 0.994478 0.004993 0.000529
0 0.997809 0.001530 0.000661
1 0.004941 0.987036 0.008023
2 0.007594 0.322101 0.670306
2 0.001390 0.102951 0.895660
0 0.999651 0.000261 0.000088
0 0.999338 0.000241 0.000421
2 0.000532 0.006445 0.993023
2 0.000424 0.003591 0.995985
2 0.000083 0.000476 0.999441
2 0.000137 0.000552 0.999311
0 0.998939 0.000952 0.000109
0 0.999245 0.000681 0.000074
0 0.999804 0.000104 0.000092
0 0.999805 0.000060 0.000135
0 0.764731 0.224549 0.010720
0 0.961927 0.020926 0.017147
0 0.768631 0.228044 0.003326
0 0.950644 0.040179 0.009177
0 0.976792 0.022600 0.000608
0 0.995452 0.004263 0.000285
0 0.993838 0.004933 0.001229
0 0.889761 0.002125 0.108114
0 0.833153 0.099819 0.067028
0 0.893846 0.054095 0.052059
0 0.996864 0.002879 0.000257
0 0.997443 0.002258 0.000299
0 0.997716 0.002168 0.000116
0 0.998896 0.001009 0.000095
0 0.998497 0.001198 0.000305
0 0.999655 0.000231 0.000115
2 0.000456 0.004547 0.994997
2 0.000184 0.000809 0.999007
2 0.000453 0.000941 0.998606
2 0.001232 0.001402 0.997366
2 0.003569 0.116464 0.879967
2 0.002173 0.018802 0.979025
2 0.000188 0.000362 0.999449
2 0.000073 0.000225 0.999701
2 0.000040 0.000232 0.999728
2 0.000023 0.000200 0.999777
0 0.999599 0.000220 0.000182
2 0.315706 0.253158 0.431136
0 0.999740 0.000160 0.000100
0 0.999713 0.000134 0.000153
2 0.000455 0.006133 0.993413
2 0.002958 0.014376 0.982666
2 0.000023 0.000420 0.999557
2 0.000016 0.000188 0.999796
2 0.000632 0.000930 0.998437
2 0.008022 0.001769 0.990209
2 0.000121 0.000585 0.999294
2 0.000037 0.000256 0.999707
2 0.000084 0.000631 0.999285
2 0.000029 0.000266 0.999704
2 0.000186 0.001556 0.998258
2 0.000156 0.001859 0.997986
2 0.000117 0.000190 0.999693
2 0.000062 0.000095 0.999843
0 0.902451 0.096039 0.001510
0 0.972623 0.024434 0.002943
0 0.979414 0.019622 0.000964
0 0.995663 0.003894 0.000442
2 0.000157 0.004112 0.995731
2 0.000076 0.000725 0.999199
0 0.999726 0.000140 0.000134
0 0.999683 0.000111 0.000206
0 0.992796 0.006958 0.000245
0 0.996912 0.002853 0.000236
2 0.000025 0.001056 0.998919
2 0.000013 0.000401 0.999585
2 0.004910 0.005305 0.989785
2 0.000297 0.000751 0.998952
0 0.992902 0.006725 0.000373
0 0.992135 0.006949 0.000916
2 0.000043 0.000245 0.999712
2 0.000028 0.000139 0.999833
2 0.022094 0.213437 0.764469
2 0.007789 0.026776 0.965435
2 0.000061 0.000245 0.999695
2 0.000137 0.000242 0.999621
2 0.000125 0.002809 0.997066
2 0.000200 0.002525 0.997275
0 0.945220 0.049195 0.005585
0 0.980689 0.006191 0.013120
0 0.892773 0.103201 0.004026
0 0.927697 0.067912 0.004390
0 0.981569 0.016591 0.001841
0 0.976725 0.020110 0.003165
2 0.000103 0.000422 0.999476
2 0.000058 0.000102 0.999840
0 0.989132 0.010608 0.000259
0 0.992504 0.007302 0.000194
2 0.000095 0.000149 0.999756
2 0.000230 0.000130 0.999639
2 0.000032 0.000387 0.999582
2 0.000027 0.000657 0.999315
0 0.918587 0.079115 0.002298
0 0.967269 0.031657 0.001074
2 0.023180 0.435159 0.541660
2 0.254807 0.019009 0.726184
2 0.002956 0.003479 0.993565
2 0.000202 0.000423 0.999375
2 0.002653 0.035010 0.962338
2 0.110335 0.055988 0.833677
2 0.000158 0.000212 0.999630
2 0.000087 0.000160 0.999753
0 0.997987 0.001844 0.000170
0 0.998293 0.001517 0.000190
1 0.300305 0.434621 0.265074
0 0.905457 0.008316 0.086227
0 0.997224 0.001364 0.001412
0 0.998633 0.000609 0.000758
0 0.976801 0.021382 0.001817
0 0.973036 0.023784 0.003180
0 0.995228 0.002143 0.002630
0 0.993679 0.001423 0.004899
0 0.997842 0.001768 0.000390
0 0.998058 0.001410 0.000532
0 0.999441 0.000377 0.000183
0 0.999714 0.000177 0.000109
2 0.006514 0.060348 0.933138
2 0.002823 0.011227 0.985950
0 0.999880 0.000061 0.000059
0 0.999055 0.000125 0.000819
0 0.861346 0.129871 0.008783
0 0.911753 0.082447 0.005800
0 0.997051 0.001888 0.001062
0 0.999051 0.000446 0.000503
0 0.949403 0.049130 0.001468
0 0.988148 0.011211 0.000641
2 0.000038 0.000181 0.999781
2 0.000029 0.000135 0.999836
0 0.963701 0.032720 0.003579
0 0.945285 0.049038 0.005677
2 0.002835 0.012944 0.984220
2 0.003209 0.015834 0.980957
2 0.000325 0.041961 0.957714
2 0.004198 0.164733 0.831069
2 0.000465 0.005513 0.994022
2 0.000105 0.001840 0.998055
2 0.000107 0.000796 0.999097
2 0.000066 0.000282 0.999652
0 0.994428 0.003765 0.001807
2 0.084874 0.005140 0.909985
0 0.936485 0.060766 0.002749
0 0.976721 0.022147 0.001132
2 0.000454 0.002719 0.996827
2 0.000068 0.000571 0.999361
0 0.978735 0.020091 0.001174
0 0.977550 0.019925 0.002526
2 0.000102 0.000329 0.999569
2 0.000154 0.000264 0.999582
2 0.000057 0.000271 0.999671
2 0.000034 0.000111 0.999856
2 0.000455 0.000299 0.999246
2 0.000089 0.000091 0.999820
0 0.986622 0.013150 0.000227
0 0.997438 0.002338 0.000223
0 0.997922 0.001668 0.000410
0 0.999040 0.000676 0.000284
2 0.001572 0.243892 0.754535
2 0.000312 0.031060 0.968628
0 0.974992 0.022685 0.002324
0 0.824378 0.172275 0.003347
0 0.940371 0.058151 0.001478
0 0.972990 0.023572 0.003438
0 0.985952 0.013469 0.000579
0 0.968482 0.029191 0.002327
0 0.991696 0.005363 0.002941
